1.289693885538394724e+01 2.717717586023132847e-01 1.451903801110896097e+01
1.067272281357254293e+01 2.231561946006932917e+00 1.186529853591866157e+01
1.176303834798780557e+01 4.077013630877093675e+00 1.626289215389154563e+01
1.077126101101456968e+01 2.138077305515486248e+00 1.379001427962186810e+01
1.243284272519373879e+01 4.268593760531047110e+00 1.685152251999112138e+01
1.069971769064864908e+01 5.375371085546461813e+00 1.298366883794695070e+01
1.076089532431318752e+01 6.455871497330678110e+00 1.695277448636938544e+01
1.061559779445481411e+01 5.137905061685351882e+00 1.529792379176918793e+01
1.013049416473730702e+01 7.365123730100874511e+00 1.527693333179573543e+01
1.138434430369159500e+01 6.561148899863693096e+00 1.657317982527554179e+01
1.087281719994217788e+01 9.553266204414642360e+00 1.939631653096512309e+01
1.169957522606194900e+01 8.380246854446175675e+00 1.633402166424806623e+01
1.128272628783246923e+01 9.770122593136981948e+00 1.887949237104831823e+01
1.156694705278708213e+01 1.084383327172919387e+01 2.038433505260695000e+01
1.009947350378431707e+01 1.173141738215626972e+01 1.991426832056111706e+01
1.205333458750430964e+01 1.268866695023957902e+01 2.073788492890900415e+01
1.250025182053988537e+01 1.423282845627088733e+01 2.346898190930636474e+01
1.204425993105048676e+01 1.253240401334396559e+01 2.429846703092040627e+01
1.097399272311474228e+01 1.335456491170170956e+01 2.545398574401485803e+01
1.222339662756890633e+01 1.515723799115763981e+01 2.237723490246967373e+01
1.116787222928449452e+01 1.507302250475467176e+01 2.677521316948254793e+01
1.055459877565967375e+01 1.596738635969838960e+01 2.374425254667447760e+01
1.124424588574649242e+01 1.772685102447425720e+01 2.843182990108749664e+01
1.112206208571620714e+01 1.655850094643960091e+01 2.856301042508772881e+01
1.110779736103628146e+01 1.904168257546965748e+01 2.770767955602647348e+01
1.260340196617190323e+01 1.884549266057142347e+01 3.177469756737109563e+01
1.150148360047344021e+01 1.925691734208028905e+01 2.959316450732269743e+01
1.077776758577364014e+01 2.006245835917036047e+01 3.042327974021848647e+01
1.186235910540549732e+01 2.262053406380237419e+01 3.325565943539510272e+01
1.225726101833518200e+01 2.103382897168395260e+01 3.541227732752771828e+01
1.118882380466458137e+01 2.347464644244891119e+01 3.614959840867823004e+01
1.216469928818157342e+01 2.379724599755928693e+01 3.765504657850309655e+01
1.295066055585589027e+01 2.267892234086744807e+01 4.218251418822110566e+01
1.258018912086419405e+01 2.365507707443345708e+01 4.176454684102152726e+01
1.238433876889226681e+01 2.583141125130151750e+01 4.650427373007731546e+01
1.102330329246171914e+01 2.499856073929790057e+01 4.842606723679853076e+01
1.265067431646696505e+01 2.552380213011003818e+01 4.984283133175211589e+01
1.145914925254563599e+01 2.797477151839265730e+01 5.087098477220028769e+01
1.215495600013247923e+01 2.963718667577428789e+01 5.296032065170413006e+01
1.236447408467441100e+01 2.825755656468536614e+01 5.594289487156075324e+01
1.169718004301146408e+01 3.067324071412695830e+01 5.716814539886723878e+01
1.225127870028442167e+01 3.080493111181748489e+01 5.951216791789421734e+01
1.182289150200202776e+01 3.191680244418247270e+01 6.173368507535349181e+01
1.097762580710174518e+01 3.135341826521989717e+01 6.668837077937389779e+01
1.195131170765972684e+01 3.144773304584366258e+01 6.889508520778898060e+01
1.197221351070840001e+01 3.331031242136170789e+01 7.173523686642128894e+01
1.269684445333338729e+01 3.308244090179928065e+01 7.369489055819420287e+01
1.142031788794485614e+01 3.414034593652693417e+01 7.565366812546517394e+01
1.154002468878260323e+01 3.451136865152560063e+01 8.082390440083548810e+01
1.269421464945454758e+01 3.530084082314271399e+01 8.349328022955562290e+01
1.099093877479438142e+01 3.699903507868333463e+01 8.135713984792762687e+01
1.269801329059827388e+01 3.800055673897308850e+01 8.388803427325765938e+01
1.060899780982313345e+01 3.967572753288792597e+01 8.518109162588828553e+01
1.074796633164462811e+01 3.876377970763083880e+01 8.829429976937670688e+01
1.212590243362303610e+01 3.870538046919588027e+01 9.082936616270215779e+01
1.269341212911044181e+01 4.182651077232734593e+01 9.093540915975128769e+01
1.093094739131825399e+01 4.133730988786639671e+01 9.341491899710833025e+01
1.089534319943323659e+01 4.095687216398165731e+01 9.257816160919776394e+01
1.107441582101717614e+01 4.165636546618018343e+01 9.289427731569608682e+01
1.014411441951891568e+01 4.441412656172015261e+01 8.924329761630566793e+01
1.087278179292206381e+01 4.252667279234323416e+01 8.888628441983293271e+01
1.072021149930943373e+01 4.333329698354043558e+01 8.884097170220036332e+01
1.012093001586782748e+01 4.615953209053218842e+01 8.812253351803995827e+01
1.274567304556111935e+01 4.516481519277189705e+01 8.347023725498935676e+01
1.095624005403744228e+01 4.616479571660558179e+01 8.038113757726057429e+01
1.246628715206274229e+01 4.683423487322625078e+01 7.792289330826800153e+01
1.164490005664004890e+01 4.944549781733411464e+01 7.483005649015348126e+01
1.058475401454106546e+01 4.870151359233580024e+01 7.620606947131291520e+01
1.163845847201890038e+01 4.812956378776919308e+01 6.911412408799226625e+01
1.254079434681491279e+01 4.938780580887533489e+01 6.871303210748945389e+01
1.296296223317414587e+01 5.240514718823138907e+01 6.659676512248454117e+01
1.152209849786198426e+01 5.051705738698676385e+01 6.098887397774285546e+01
1.001659399573212994e+01 5.102899432128386792e+01 6.175588300216953286e+01
1.021608082989731692e+01 5.168247384190262750e+01 5.708530174367145094e+01
1.246263969681419681e+01 5.304454838189051458e+01 5.573934566293340254e+01
1.209658892318580570e+01 5.523538002092678312e+01 5.526138557587804456e+01
1.296865155591036967e+01 5.483707984294006366e+01 4.906674187050259661e+01
1.158150702131677789e+01 5.661904793979666550e+01 4.648551405569313744e+01
1.018253773588777733e+01 5.584765165544526155e+01 4.629906711917607964e+01
1.086041408557009547e+01 5.616251013868058806e+01 4.364050068159725271e+01
1.261516866305272444e+01 5.855004878329009443e+01 4.053628836080859799e+01
1.172770258698722401e+01 5.784166200934297564e+01 3.842292786753287714e+01
1.050588415702963019e+01 6.084372215464505018e+01 3.785592465280959829e+01
1.165873148492193856e+01 5.876875094004154931e+01 3.894824062849477286e+01
1.272035547075259920e+01 6.108838157590546558e+01 3.804940897632096863e+01
1.249079578327451046e+01 6.058298383028457579e+01 3.400894578764504672e+01
1.015739607539468636e+01 6.340383535085960176e+01 3.167182404649250316e+01
1.062424323559907968e+01 6.332865464255886678e+01 3.128272741138275137e+01
1.001178871071039111e+01 6.283387097520504483e+01 3.042264904718517471e+01
1.218974202480922209e+01 6.503760598450141117e+01 3.119752388149413846e+01
1.245459180750694728e+01 6.372082024402654810e+01 2.675722640860665535e+01
1.106191476149119701e+01 6.647119420512977683e+01 2.738428085883352736e+01
1.198270867040881704e+01 6.795932734391355723e+01 2.794343769081326911e+01
1.157810075415386919e+01 6.790714046562706585e+01 2.547202156218563829e+01
1.254142111775768598e+01 6.944775197243644982e+01 2.442219334816087084e+01
1.251331329821490002e+01 6.747198783328965987e+01 2.123112463353502832e+01
1.188786035960427689e+01 6.853614964509944230e+01 2.422483812901231559e+01
1.148041483437319599e+01 7.107187732737637020e+01 2.265883788594883796e+01
1.013874205352341029e+01 7.133870334136128122e+01 1.976627523968258160e+01
1.240204553498684348e+01 7.266798020760408860e+01 2.256498554170966742e+01
1.151972730074245455e+01 7.260818089641718132e+01 2.204602927828303649e+01
1.273893079818105178e+01 7.065514846898366841e+01 1.805098299635296755e+01
1.169241362938837980e+01 7.266184990173664460e+01 2.002542357932866324e+01
1.067921377182815768e+01 7.162840268549707901e+01 1.834174479250685863e+01
1.205893855420998229e+01 7.039244915565389249e+01 1.820402852759285750e+01
1.245921567890966486e+01 7.262275019629478834e+01 2.180724838112700326e+01
1.164722015104507591e+01 7.042136376082419247e+01 2.154987928701405053e+01
1.075656989826792298e+01 7.203859457294183244e+01 2.309639469616113772e+01
1.199499680236325005e+01 7.130007293905356391e+01 2.035238823011691167e+01
1.277363240537026101e+01 7.083047680916452293e+01 2.026033722597153286e+01
1.101399407005460063e+01 7.065825816492417744e+01 2.073531808738098547e+01
1.405932846605172770e+01 7.094148628412935409e+01 2.313388048204685532e+01
1.356097805163493142e+01 7.038437705220576390e+01 1.935747693713332040e+01
1.185316053127758273e+01 7.015442467063661525e+01 1.879657690101512912e+01
1.438328758379650552e+01 7.103706877828383881e+01 1.938435524762618911e+01
1.292153569765136645e+01 7.076408658913219085e+01 1.956330621708050543e+01
1.181808514416727718e+01 7.220379544290597096e+01 2.163668889133337103e+01
1.381453439497068558e+01 7.228878391394633240e+01 1.929454512301678193e+01
1.225730291757170498e+01 7.095067836967355390e+01 2.020051656790300498e+01
1.247128292292852869e+01 7.275371339547672278e+01 2.326416931407235467e+01
1.430620045427503406e+01 7.281750048491737459e+01 1.881691384743238871e+01
1.241303304835567722e+01 7.049668271472572201e+01 2.277667280949379602e+01
1.268652342778461062e+01 7.127124490802239620e+01 1.919815845984205893e+01
1.260913175824791921e+01 7.085290552853389556e+01 2.283802608384451815e+01
1.505543694736289240e+01 7.126892440449979915e+01 2.319296455313557814e+01
1.467648873737725701e+01 7.084628451933282633e+01 2.046197153507456790e+01
1.382690374870860595e+01 7.044950476159826280e+01 2.062694204170663781e+01
1.379869340525948473e+01 7.226465414632274076e+01 2.077050463444185269e+01
1.557654273184918381e+01 7.103097226009131759e+01 2.064479438812136536e+01
1.450992634849442986e+01 7.290844767294571227e+01 1.952757338106618690e+01
1.539244192362399488e+01 7.209140319850683909e+01 1.993638448457970114e+01
1.357515592070933330e+01 7.098155233360729710e+01 1.926564724699223774e+01
1.432982045714864050e+01 7.286305891023022241e+01 2.029533952980771261e+01
1.467854266105194938e+01 7.288570678129768510e+01 2.398727357432744256e+01
1.390334606656859862e+01 7.036123955524335827e+01 2.351735575923918731e+01
1.430708397136648458e+01 7.174440340556866147e+01 2.031846913085840356e+01
1.493996903761094330e+01 7.022510001111001543e+01 2.127386535315104865e+01
1.651597765519545646e+01 7.129844372850548950e+01 2.171384142742972756e+01
1.558414496711457531e+01 7.175988334082627773e+01 2.067521417469971823e+01
1.432937519504492130e+01 7.295543514703966537e+01 2.175395367935518820e+01
1.412825584148253277e+01 7.268637051301769247e+01 1.971591322256505663e+01
1.691671425809007800e+01 7.162155371601893705e+01 1.987066166628861907e+01
1.718358497128404139e+01 7.182789399053601187e+01 2.341759105586882583e+01
1.592960741000384317e+01 7.123817245328184811e+01 2.385488969520678637e+01
1.713919012957642707e+01 7.000216703560867870e+01 2.335958642677052666e+01
1.596413349769524892e+01 7.256220365969063835e+01 2.406408664184746726e+01
1.752727205247256492e+01 7.237302729904901355e+01 2.268668814965613478e+01
1.611066176087052781e+01 7.222991986334946546e+01 2.349771452237683178e+01
1.743337959154371930e+01 7.166538603046390676e+01 2.301022675769955583e+01
1.777920160345741607e+01 7.100350396190972901e+01 2.179738413028341526e+01
1.513653017746190343e+01 7.037090905883491132e+01 2.452140042320193558e+01
1.640318090428373310e+01 7.153251869349570313e+01 2.072099497718932426e+01
1.549119204522772186e+01 7.210519492988605350e+01 2.152369672201837858e+01
1.552771159889669939e+01 7.066394706244956581e+01 2.490803200867177836e+01
1.628166169681196251e+01 7.147567126493770218e+01 2.071134551012639236e+01
1.745967223846606231e+01 7.019613108362631237e+01 2.469135037360907958e+01
1.596040801650403296e+01 7.153600151934440987e+01 2.184493600236521615e+01
1.767735547518413597e+01 7.261870311121674604e+01 2.205627285628512979e+01
1.825321829266835394e+01 7.184358188925841660e+01 2.081607341954750723e+01
1.773808576842215956e+01 7.041936177420153342e+01 2.343527511556492016e+01
1.741994282606662736e+01 7.081743560412542138e+01 2.530776879394037948e+01
1.744939136022678383e+01 7.215422419301404489e+01 2.221261736191125635e+01
1.824527230634429742e+01 7.187420664790441549e+01 2.224107104516886579e+01
1.888671004845555501e+01 7.059314390742416379e+01 2.429743135115549180e+01
1.793111465403294247e+01 7.240155675420930947e+01 2.063705644519201954e+01
1.824721591103402218e+01 7.121406810726280412e+01 2.226029514542032217e+01
1.722563748223432611e+01 7.078210649552543998e+01 2.150985894695738665e+01
1.836503131888341045e+01 7.125083339231866830e+01 2.344410290051746770e+01
1.954194724278239548e+01 7.095343274876866246e+01 2.072765122985806130e+01
1.798020030429830030e+01 7.290580114271219259e+01 2.472864697779132115e+01
1.857812477062475054e+01 7.176139648721596132e+01 2.519597951543421033e+01
1.903150569894495447e+01 7.207615705981559984e+01 2.144240427353719980e+01
1.825394788511096422e+01 7.261746578621357173e+01 2.279655352037165272e+01
2.006359453587220898e+01 7.094925601540701621e+01 2.214384534835668106e+01
1.963320856751962395e+01 7.029749578162697787e+01 2.096060754835721696e+01
1.963786293205140510e+01 7.239525468004032405e+01 2.171084635883583402e+01
1.880750506807267186e+01 7.149448592931267399e+01 2.591131175303591405e+01
2.015532354775828949e+01 7.119536711774087223e+01 2.429578200497466511e+01
2.010021796413105122e+01 7.083613156571797731e+01 2.498415012220983300e+01
2.057692644537395665e+01 7.218627155151880004e+01 2.359812339854615004e+01
1.923090758435690972e+01 7.176950738003073127e+01 2.138747853609483940e+01
2.045972680547681932e+01 7.133655267421352164e+01 2.241589982295228012e+01
1.949841691045431702e+01 7.040078960588368773e+01 2.462109034795900797e+01
2.075400811921673494e+01 7.125395999926112722e+01 2.223386731253953741e+01
2.059401227507701648e+01 7.246271717723959682e+01 2.587287567524803933e+01
2.015846340063606945e+01 7.009413235977233114e+01 2.535183655972791428e+01
1.955068098571061341e+01 7.072902858593587894e+01 2.446159677633326979e+01
1.988954608770366406e+01 7.042717690647954498e+01 2.510587537799758096e+01
2.131775703600073513e+01 7.109631095421406144e+01 2.571452374847077138e+01
2.172031373241994956e+01 7.045247675968501255e+01 2.477337889968943685e+01
2.195901310266689066e+01 7.085134164157886971e+01 2.164712097943124647e+01
2.109618426049765461e+01 7.084474368022067381e+01 2.596826029870499752e+01
1.950852207519504233e+01 7.102197305573358221e+01 2.216073550245054236e+01
2.163239396410357074e+01 7.036185831813874358e+01 2.439095320732951322e+01
2.217575491617634498e+01 7.272536475243934717e+01 2.465675680112808976e+01
2.240740676640629303e+01 7.076182818441991174e+01 2.389937919938462585e+01
1.981624162969004388e+01 7.106812607167674400e+01 2.601114505383929298e+01
2.063124969083128235e+01 7.222551395620183712e+01 2.421528924404472960e+01
2.043328216071123293e+01 7.162014840586616060e+01 2.372410878023896430e+01
2.041191253662140426e+01 7.125670897497187184e+01 2.186676572113290717e+01
2.278171822552861059e+01 7.116479922154118753e+01 2.325435210916545259e+01
2.007794017399577058e+01 7.178589616321619360e+01 2.394919523050871035e+01
2.141310006249425868e+01 7.057423157421642657e+01 2.759102408394252848e+01
2.021091710940852693e+01 6.944273540873456341e+01 2.597248789059398888e+01
2.145174447601580070e+01 6.920321716167691761e+01 2.877242680818326548e+01
2.029828351999287150e+01 6.701030387442710889e+01 3.064623346223788758e+01
2.214099809623112591e+01 6.690393361774839320e+01 3.022162591788213248e+01
2.266642227066888537e+01 6.564571475335276318e+01 3.174578449211069042e+01
2.198281070763808387e+01 6.503456538156309819e+01 3.686791518184547556e+01
2.216385887542316269e+01 6.452270287232450130e+01 3.862819382757681552e+01
2.045605645597796141e+01 6.332497692678322210e+01 3.767290518283688527e+01
2.280702298929960392e+01 6.436573948307589887e+01 4.035646090079918480e+01
2.029288576803289246e+01 6.440827710592014910e+01 4.375784912799591808e+01
2.103168758977554376e+01 6.311557236832613427e+01 4.512035831480798720e+01
2.004375759630462994e+01 6.273030729770844971e+01 5.088227582947422434e+01
2.264343914754467235e+01 5.988454389103350195e+01 5.021614571764978052e+01
2.171944855687945974e+01 6.163013863523049451e+01 5.826687867726307957e+01
2.114743149446108461e+01 5.847359258879870225e+01 5.804810983983893635e+01
2.050030857484346924e+01 5.769052391356125753e+01 6.322507332300428828e+01
2.095677315060695634e+01 5.670860282199589619e+01 7.173927001134458692e+01
2.059144199096813210e+01 5.674902493639442014e+01 7.419813042043614359e+01
2.113795414371907810e+01 5.644142493747411038e+01 8.213952582240118261e+01
2.087401787693732658e+01 5.527410582637278225e+01 9.001361835830667246e+01
2.259412766709930054e+01 5.659044619492748041e+01 9.382353765103185594e+01
2.194983682552933146e+01 5.339962542645718457e+01 1.057970253731115804e+02
2.274632883644569858e+01 5.507833509500914460e+01 1.139039301127101993e+02
2.235388894048742969e+01 5.215192577007803720e+01 1.279827228582516909e+02
2.238869324384166504e+01 5.200730935015984358e+01 1.423163597550511668e+02
2.186046474372381354e+01 5.265257464503577722e+01 1.557238860253607982e+02
2.222755669167164427e+01 5.115451067143570896e+01 1.738394058035681837e+02
2.164098375315598233e+01 4.984330515572775511e+01 1.990160114555050939e+02
2.042456799923107269e+01 4.846418840630092006e+01 2.219797374294841177e+02
2.119423116867732304e+01 4.763881353253491824e+01 2.528759871803248700e+02
2.119169396372218372e+01 4.937514595747943957e+01 2.915521712313213243e+02
2.180838380501422336e+01 4.604979115466041151e+01 3.331263820682140135e+02
2.129540955758132981e+01 4.551366211043455223e+01 3.821965468811772553e+02
2.241607257190058533e+01 4.611477712981567834e+01 4.418740748501265898e+02
2.063098655066836429e+01 4.574045402822832784e+01 5.060779178546976595e+02
2.188700686993288969e+01 4.507130240414509359e+01 5.760007072540820445e+02
2.291155306026609040e+01 4.244052651065747028e+01 6.478889315859779572e+02
2.187511134061628937e+01 4.454982484532411036e+01 7.201859631858641251e+02
2.269851610819564769e+01 4.178855717733399189e+01 7.700387047360449060e+02
2.102611539128783846e+01 4.121022004156890972e+01 8.012947629562689826e+02
2.037697534113161169e+01 3.964099603278981476e+01 7.976142175476904868e+02
2.125864657339391783e+01 4.153821301749741934e+01 7.636403016084328783e+02
2.028789978227059976e+01 3.846866241344162063e+01 7.089395116492970601e+02
2.112815101532190099e+01 3.966860790012714233e+01 6.394402554938149024e+02
2.278020449166719885e+01 3.859143909332014744e+01 5.678863013887958004e+02
2.275168797727155834e+01 3.877948046839787821e+01 4.942588095187686577e+02
2.106305564862324786e+01 3.756628353474922477e+01 4.305737731238245942e+02
2.123522926367070340e+01 3.672606708887792593e+01 3.754310273476756947e+02
2.199107920617106515e+01 3.637872809777122285e+01 3.269143865481164539e+02
2.016379540321362640e+01 3.388505607679584131e+01 2.865143536095982881e+02
2.236250144307736321e+01 3.422377962982929489e+01 2.502590897176245903e+02
2.061326881085767226e+01 3.350632027471255014e+01 2.221143116192225477e+02
2.002098389871349937e+01 3.242203236041012815e+01 1.923722896713335331e+02
2.166494760260794550e+01 3.214080501876446050e+01 1.722254445659426096e+02
2.001394936192166796e+01 3.038987902528439733e+01 1.566184704123497227e+02
2.157635278556200120e+01 3.171338604929196947e+01 1.408704030734180606e+02
2.158519101101974513e+01 2.831164598761860773e+01 1.242308635714985883e+02
2.221580692823919634e+01 2.939490241906880641e+01 1.119035268376068188e+02
2.060027999947250166e+01 2.983120976329582419e+01 1.013502799787584507e+02
2.260497920035732733e+01 2.676276340230678485e+01 9.268018713702140587e+01
2.263960456438841007e+01 2.753636768071796936e+01 8.737120340975835120e+01
2.046516899151714597e+01 2.668023945752278436e+01 8.145724320027166243e+01
2.253855495142987664e+01 2.619757329618914810e+01 7.470618239813566674e+01
2.261451972390698728e+01 2.549655541002640291e+01 6.993577937523859589e+01
2.257457181651758660e+01 2.318856913045475210e+01 6.208611643523860835e+01
2.202152048889452018e+01 2.353578082205051203e+01 6.182061839868791253e+01
2.130416164529149725e+01 2.241999134774945901e+01 5.510165189727480595e+01
2.226211557753724435e+01 2.106488157854905552e+01 5.339396503252515203e+01
2.000798947077510093e+01 2.251903760527501674e+01 4.697444083075644983e+01
2.093815553371391047e+01 2.022344473632064066e+01 4.748120469396514665e+01
2.055613535601218445e+01 1.982696120950822660e+01 4.324485113047521168e+01
2.168964996683101987e+01 1.931863649558484397e+01 4.239839366239792184e+01
2.064543018174566669e+01 1.750911084932895534e+01 3.885630160551980339e+01
2.256555525242251647e+01 1.702031824596324938e+01 3.400974147942235248e+01
2.019384716575895666e+01 1.630397525156568861e+01 3.522402022680358158e+01
2.137976063838346974e+01 1.493797598622820644e+01 3.402220026385647600e+01
2.085056764067742918e+01 1.672441312649480238e+01 3.023256047987463546e+01
2.102801109334673058e+01 1.362592527138524012e+01 2.775979823483287845e+01
2.249875375109450815e+01 1.400679541395136418e+01 2.946496377981432246e+01
2.163798787119269917e+01 1.248853803455377864e+01 2.801346841102630947e+01
2.013937131304446027e+01 1.231229164602974357e+01 2.398685802983746385e+01
2.083581346838719028e+01 1.287796350236038379e+01 2.393017665869103894e+01
2.100210975960737159e+01 1.119138869289311877e+01 2.547106254888556620e+01
2.279262083675610384e+01 9.917565720408466845e+00 2.072889827330764589e+01
2.156364614208033714e+01 1.138962127044855421e+01 2.116861735799874822e+01
2.077146371100009858e+01 8.021690834282745541e+00 1.988942235609900777e+01
2.186689620920066091e+01 7.723218066035055784e+00 1.810599271909129726e+01
2.133743373786040110e+01 7.275877550306389274e+00 2.169714445868454789e+01
2.051187169716245862e+01 7.273636952576866932e+00 1.694109797522359173e+01
2.064709013469829557e+01 7.737416626437085831e+00 1.816950029503125208e+01
2.155000799721297611e+01 5.600773704012994791e+00 1.766315289291718571e+01
2.117808745160252926e+01 3.604576357730959746e+00 1.476620954054654788e+01
2.214528720662659467e+01 4.935867058237424665e+00 1.430372780153179413e+01
2.251497526083786482e+01 4.983312135876142079e+00 1.741005337109720585e+01
2.269259010264564225e+01 3.918555961547011357e+00 1.804806505698429575e+01
2.289281058743133457e+01 9.611567846844767393e-01 1.599832950181795610e+01
2.165426474008286206e+01 6.671592563353879735e-01 1.549317116757411306e+01
2.044696146122171143e+01 1.520100838500715756e+00 1.522185113341864771e+01
2.293984151202015909e+01 2.222630155816351927e+00 1.704343250739367122e+01
2.119886288791287399e+01 5.570714593932180048e-01 1.365334847238913696e+01
2.126686514614575074e+01 3.932231444429568068e-02 1.525102964813485329e+01
2.158209086117055975e+01 2.933737276081304302e+00 1.381533467291556860e+01
2.327256636287322422e+01 2.979915484236042911e+00 1.489351015632843556e+01
2.263472996529928594e+01 1.404512913488688675e+00 1.408561876316726469e+01
2.300692262507600105e+01 4.511928818623156534e-01 1.501433138184545690e+01
2.361443569857057767e+01 2.501251591389283657e+00 1.334397240895338044e+01
2.314166999419317960e+01 2.373131278375405273e+00 1.511565219597968479e+01
2.182328869981566655e+01 5.746843319669170391e-02 1.276091886518247165e+01
2.135993630959993794e+01 2.139503676380206443e+00 1.715873546750294310e+01
2.203649595962615848e+01 2.943793620859794791e-01 1.704695801852425063e+01
2.281462980353318315e+01 2.139273741132269535e+00 1.363318033450440936e+01
2.314715511068112974e+01 2.226376708091767576e+00 1.604062782140498911e+01
2.239490646272747654e+01 1.077058843471557115e+00 1.543692244933192903e+01
2.390852591013381812e+01 1.180647682148879163e+00 1.657769951905707018e+01
2.357703522786565742e+01 1.946388213439996795e-01 1.499365053498543965e+01
2.389628663322696411e+01 2.481225862090428613e+00 1.370734389578674239e+01
2.321484221001032111e+01 1.523283221472380600e+00 1.547969414625798201e+01
2.479211353357958103e+01 1.256197815736940449e+00 1.577325728126554694e+01
2.350259863461491605e+01 9.362810836005452941e-01 1.670230539972907735e+01
2.242010292454999387e+01 2.113936130848736106e+00 1.519005931137703769e+01
2.448834042113987053e+01 2.808253707799114984e+00 1.601842846862740188e+01
2.321182223295509317e+01 5.786373911143436466e-01 1.467293267496507703e+01
2.265520399212289604e+01 1.241211590599754500e+00 1.735449068394319738e+01
2.461829131587391117e+01 2.979531444060880219e+00 1.257227728361099395e+01
2.545028571314056265e+01 2.595276371840575802e+00 1.440364179242443221e+01
2.426212587986300662e+01 2.243101497829470325e+00 1.697438853377951773e+01
2.299901076357323149e+01 4.646992591500214154e-01 1.548147776797155295e+01
2.364509140788451802e+01 1.796396723490201186e-01 1.619434276659726279e+01
2.565606161803139429e+01 1.581087738724380909e+00 1.295958167166774366e+01
2.391332243320328388e+01 1.800687663827656548e+00 1.502010897383811105e+01
2.461092982834441401e+01 4.379429342497648259e-01 1.292991125814855380e+01
2.422385834044510844e+01 2.058027174683260796e+00 1.681301201858409300e+01
2.564060431617009428e+01 1.880877878427621219e+00 1.317401805515947721e+01
2.557002913404582500e+01 7.798650618810291091e-01 1.621955027800732196e+01
2.595984309409910651e+01 8.687263128062677753e-01 1.657341206687375035e+01
2.449482234722169594e+01 3.338556686124163342e-01 1.641902649033137607e+01
2.643863581578709443e+01 1.611450148334826471e+00 1.321332072039699312e+01
2.455483783187815305e+01 1.868292935339609384e-01 1.717174193102120228e+01
2.504055777269259053e+01 9.603271011692032788e-01 1.708103461170190229e+01
2.535194152835200754e+01 2.195502741440252592e+00 1.436857307563718678e+01
2.476167449442491986e+01 2.816275682498320609e+00 1.456256205995194541e+01
2.471381024309888375e+01 2.185971577439593805e-02 1.643060231676683358e+01
2.558408625804269576e+01 2.230241755008126603e+00 1.637964702279263562e+01
2.596370746655338024e+01 7.939676173063725528e-01 1.477341889052345358e+01
2.658744789508712358e+01 2.318131096238545741e+00 1.405274136013228770e+01
2.704779610303146598e+01 1.095456952685899488e+00 1.281728496585811072e+01
2.544806422577763882e+01 1.165985286501188600e+00 1.265166853298259220e+01
2.658239497112899485e+01 1.502395021061928571e-01 1.347398363297911317e+01
2.748838229935962829e+01 9.237990383923423421e-01 1.339449208958748905e+01
2.682354533731790980e+01 8.539538000094240022e-01 1.370778562519058497e+01
2.688891842797458764e+01 2.973410631453209163e+00 1.487799150941268600e+01
2.585985338360467267e+01 4.494302591545777936e-01 1.392055743282074332e+01
2.833891823525408782e+01 1.338818564896989471e+00 1.683924182865813179e+01
2.692374357508518656e+01 1.592699309706673283e-01 1.585495203430564359e+01
2.815300194952487089e+01 2.017726422517043705e+00 1.623095194821961229e+01
2.681150851007417657e+01 3.844682862686925606e-01 1.578746782480520849e+01
2.597027708453222417e+01 1.621314776076574260e+00 1.458197973140980963e+01
2.624833448274849701e+01 1.570618057091404340e+00 1.274431181309308414e+01
2.847269721312778046e+01 2.347604128738237428e+00 1.380563351114831327e+01
2.659676433730903256e+01 2.973381822244089534e+00 1.478722017085985740e+01
2.673849680598928202e+01 2.891365756939633158e+00 1.505897665490146409e+01
2.939197665388337199e+01 2.103371432580525724e+00 1.306487317410106108e+01
2.864090772836387089e+01 1.032110755279271430e+00 1.320198621429071295e+01
2.889731526917270799e+01 1.408741811334520699e+00 1.402289424839154641e+01
2.773487442117597723e+01 1.048411656141420956e+00 1.396478557654889308e+01
2.812770166083868162e+01 1.768279898907501257e+00 1.613691555588176385e+01
2.757226325102396203e+01 2.490776710568103347e+00 1.414196575021603230e+01
2.932426352594055174e+01 6.074728383836835999e-01 1.537280950767680565e+01
2.877883318034966820e+01 5.047115002093874869e-01 1.582133846057259063e+01
2.775632468477363446e+01 1.331363271233910739e-01 1.332023621317959439e+01
2.745925539122963244e+01 2.181512456903599073e+00 1.259713947134736323e+01
2.879031845072846352e+01 1.366840841285989594e+00 1.684997763732940967e+01
3.034335413866851638e+01 2.462639334022831417e-01 1.247164261484503989e+01
2.831700315581782590e+01 2.516923434983072028e+00 1.636000516695178320e+01
2.871927655202650698e+01 2.010385250488873066e+00 1.509092645163130797e+01
2.969734821365674549e+01 1.549050112369683818e+00 1.300977530086350953e+01
3.023248417147680200e+01 2.013168661324221453e+00 1.452327235454281862e+01
3.089673787081537171e+01 8.381101334162887051e-01 1.516056531712720634e+01
3.046749044880658630e+01 1.279921824066403868e+00 1.466675396324984249e+01
2.910639897976939494e+01 1.269939599428412613e+00 1.433011127729245970e+01
2.950443656134790515e+01 5.841825470966977019e-01 1.356839886828945652e+01
3.017831101845780495e+01 2.981131331149239116e+00 1.690443123911470735e+01
2.906778989194573981e+01 2.836091443296952619e+00 1.389694474462027607e+01
3.032502856820614312e+01 2.415719875019865626e+00 1.302251669955546731e+01
3.132674383151451281e+01 2.091450356398974808e+00 1.497270597099910105e+01
3.147306805209002789e+01 1.384256094111468549e+00 1.443895838065976633e+01
3.034457974081386311e+01 1.653312820854196730e+00 1.667070224645107501e+01
3.121664536424917102e+01 2.880970455174503897e+00 1.415186684662245042e+01
3.159321890247591114e+01 1.119753478921975631e+00 1.333959923579281615e+01
3.194875808483408264e+01 3.345071924563756127e-01 1.443377349161747070e+01
3.232439797993609432e+01 2.703397087203924798e+00 1.246297819470985324e+01
3.245324728315644336e+01 6.667072519166267197e-01 1.632724937799812182e+01
2.969394865650812321e+01 9.019894685654428201e-02 1.609254146335578639e+01
3.209002501989298395e+01 5.013841279826516395e-01 1.702113868624684301e+01
3.230644715782698029e+01 1.193927873962510322e+00 1.537590842255842638e+01
3.000663739719341194e+01 1.386473097208076988e+00 1.366550967459948218e+01
3.058385878044190775e+01 2.631537168245467573e+00 1.596425923110118994e+01
3.135774179182185151e+01 2.597178608768984098e+00 1.396803413160908391e+01
3.257470599926489996e+01 3.285674760455112864e+00 1.741276383540353123e+01
3.003939319968472788e+01 3.470137562330241288e+00 1.820724518921949908e+01
3.237535200349433495e+01 5.100194783279145661e+00 1.450273002433137570e+01
3.089547700325277546e+01 5.710766098883954811e+00 1.591761758113702818e+01
3.081182295046285446e+01 5.252347824187973302e+00 1.505558416506353403e+01
3.112002296275314706e+01 5.732207853168523215e+00 1.994112780649574646e+01
3.279203215178859665e+01 6.285521363324130917e+00 1.833750778628831313e+01
3.134341623646030683e+01 8.654672407559253600e+00 2.120852650047918786e+01
3.298400973381810530e+01 7.675363916145400367e+00 2.081076019213830719e+01
3.149231496836552679e+01 7.901261943585721426e+00 1.978450009929814613e+01
3.135630349908428016e+01 8.988590479338309791e+00 2.256619493675023591e+01
3.210302341838848150e+01 9.403067103170341667e+00 2.381245423411628792e+01
3.007254632265796701e+01 1.197034010768933854e+01 2.310222234928035334e+01
3.006323724033234157e+01 1.254045260250027027e+01 2.573084052821455714e+01
3.068929401617923247e+01 1.148001919026364526e+01 2.695026335408291018e+01
3.205833201672906796e+01 1.172196034952568233e+01 2.586675949273440267e+01
3.229658652176487266e+01 1.368968380246708527e+01 2.616754505350640869e+01
3.294961855115968774e+01 1.353501226218799225e+01 2.828819331429265560e+01
3.165971787139241655e+01 1.616197609713473682e+01 3.101676133991051643e+01
3.108394402855587657e+01 1.629514207088880084e+01 3.239587615444468582e+01
3.278373604297865995e+01 1.695418022031470073e+01 3.239835041439857122e+01
3.187484812645235266e+01 1.758635117083759170e+01 3.220876742021503958e+01
3.006852884590348296e+01 1.843451042270426754e+01 3.732608105710851021e+01
3.263886999462251026e+01 1.905628904878662055e+01 3.617810755454441107e+01
3.058075907436532503e+01 2.035550671439338188e+01 3.987344457239952078e+01
3.072098818929200448e+01 1.842654842516400748e+01 4.411262851618821657e+01
3.116310149181219202e+01 2.202770787928576723e+01 4.783092075196401538e+01
3.211792943792436006e+01 2.126652318131450059e+01 4.812469565982216579e+01
3.051646318929600810e+01 2.151266742852956781e+01 5.234106786293338587e+01
3.176082433427729512e+01 2.344955841496816262e+01 5.378442145043188560e+01
3.179046157470126488e+01 2.478891858107310497e+01 5.900835654940271979e+01
3.041648937344613302e+01 2.391206239747217310e+01 6.517694963293109822e+01
3.040017385577107234e+01 2.397431954618513927e+01 6.822254517636721971e+01
3.124847772481652797e+01 2.473420766510442093e+01 7.404326030404153869e+01
3.133096344701265679e+01 2.515259244566581387e+01 8.115392487228464802e+01
3.232311376402962111e+01 2.808658011045883995e+01 8.527318468670684126e+01
3.244076941855270491e+01 2.781006352432678952e+01 9.323214518969864173e+01
3.152836270430358923e+01 2.822934338978717506e+01 1.031423595802985034e+02
3.191373047497887327e+01 3.051921829845434075e+01 1.132835330949794610e+02
3.102780965488801357e+01 2.897661863372732682e+01 1.277654137983077192e+02
3.101153703499583614e+01 3.050646203951394853e+01 1.404149332900910565e+02
3.242156120047290813e+01 3.132371146212902602e+01 1.552952205812715931e+02
3.257629471507660668e+01 3.183985866368778517e+01 1.713817148582033667e+02
3.210385338612694994e+01 3.357383959424860365e+01 1.950678680956491746e+02
3.264684635293673409e+01 3.222644220254393588e+01 2.207279686722274334e+02
3.239802986483215363e+01 3.438487059741825647e+01 2.495039595009739912e+02
3.151285248187851451e+01 3.544815470118860645e+01 2.830162454927716453e+02
3.289926369599403699e+01 3.508487032658476323e+01 3.261535498311938568e+02
3.138343417199719099e+01 3.707901385216289469e+01 3.741637549352693668e+02
3.240821575016478562e+01 3.610590397136280671e+01 4.299442073094895136e+02
3.255903394097739323e+01 3.870194055454621918e+01 4.953954204343689298e+02
3.092953911797324906e+01 3.796619364877012970e+01 5.668408663850278799e+02
3.217411246548041248e+01 3.813756807575256857e+01 6.406150731251123034e+02
3.052897624144073774e+01 4.050769293587580222e+01 7.071810339917384454e+02
3.121349688823751123e+01 4.135112189365004554e+01 7.663165934326834758e+02
3.175434770317018973e+01 4.132696157877321497e+01 7.990657382476347266e+02
3.024028711685681614e+01 4.043475756247546116e+01 7.995127677098557797e+02
3.205271732883466029e+01 4.197666957399904675e+01 7.727379095683338619e+02
3.101508437020884656e+01 4.306499115245463116e+01 7.166129762355868706e+02
3.239056337639577521e+01 4.341654279652485116e+01 6.479731148804451095e+02
3.288666314261404011e+01 4.576518553193825056e+01 5.750448037435917286e+02
3.027525980520012538e+01 4.437775306178176749e+01 5.060130558431053487e+02
3.258874833676672722e+01 4.696070755773443040e+01 4.404054676715467735e+02
3.282046725951184385e+01 4.537156814534508698e+01 3.821976414928165582e+02
3.075355016101688577e+01 4.859371408785900570e+01 3.343476814265314943e+02
3.014340657953960090e+01 4.770443275368424452e+01 2.907555686891143409e+02
3.297581886159695586e+01 4.804725035185035154e+01 2.520506803953750250e+02
3.192874654257513711e+01 4.943944284081299401e+01 2.240591205699692239e+02
3.067107642878823626e+01 4.957012443185904971e+01 1.962629471367233407e+02
3.072317935969684655e+01 5.091062451510338605e+01 1.742375626276216281e+02
3.278548404932857352e+01 5.020428853508000344e+01 1.565346643350563340e+02
3.271029948829658451e+01 5.146221966537785164e+01 1.435638554294295091e+02
3.239100207387210162e+01 5.418202773901209213e+01 1.285337782387607319e+02
3.255734908317842979e+01 5.432286653374956842e+01 1.145351207066738226e+02
3.207721528632998087e+01 5.377318810393344251e+01 1.066074268949757311e+02
3.237506142240692952e+01 5.513545669980741337e+01 9.590699553618729567e+01
3.072221669872272187e+01 5.617577475078293503e+01 8.884370115066985818e+01
3.025835716471148018e+01 5.642291173930296821e+01 8.205178225325170160e+01
3.128141407678756636e+01 5.683740683401638449e+01 7.396526222343803170e+01
3.174492784819043578e+01 5.759140160683190857e+01 6.979398708080323388e+01
3.108432917445721344e+01 5.986886744452650788e+01 6.276389680045729591e+01
3.211621996836743165e+01 6.082836100934837020e+01 5.982678170705914766e+01
3.238919329517867851e+01 6.165301939109581042e+01 5.406283232982014653e+01
3.294828152545179734e+01 6.053415508008688306e+01 5.172635987363073440e+01
3.205658510260882110e+01 6.285978696829985068e+01 4.977259864047695714e+01
3.184146348827062312e+01 6.136500439867018741e+01 4.742262509700077544e+01
3.015713415406811748e+01 6.190292183328979547e+01 4.169332043453475478e+01
3.189886515471213002e+01 6.364512727968264016e+01 4.226860154684864312e+01
3.243539575620946636e+01 6.373996657309009350e+01 4.035254811117076201e+01
3.163655391692811492e+01 6.472106453265450909e+01 3.677380010198270810e+01
3.250392766669476430e+01 6.566253551312438219e+01 3.717005096349908655e+01
3.162913666179634120e+01 6.753147490973164224e+01 3.445047903494149466e+01
3.010056297004279102e+01 6.854844783490233340e+01 3.348498041015936622e+01
3.078401411305223334e+01 6.859532543252144876e+01 2.986717474057026322e+01
3.103238426895406832e+01 6.875952681489424378e+01 3.113952549924927737e+01
3.267015390801067554e+01 6.826264393170453104e+01 2.611720608395497578e+01
3.202005210168965021e+01 7.113268007800148496e+01 2.403346399468193795e+01
3.007693756873015900e+01 7.187375906359881128e+01 2.627790651283095258e+01
3.068212457462195886e+01 7.075270732252124617e+01 2.458630013137489456e+01
3.253576497142895363e+01 7.198465711106869946e+01 2.610920197360330519e+01
3.072440211599592530e+01 7.214713761843489692e+01 2.190165163718875618e+01
3.078114167141268709e+01 7.146526655614468382e+01 2.169696885432173517e+01
3.052950970171002254e+01 7.231713150579469129e+01 2.273289821959681234e+01
3.316493097430303294e+01 7.135865841974947443e+01 2.320580716314600522e+01
3.198638905354544804e+01 7.215889177049143655e+01 2.588197326528190345e+01
3.191404645171655474e+01 7.287609438860388877e+01 2.183827826691496554e+01
3.302886938143624462e+01 7.238304202030765566e+01 2.304306010420576101e+01
3.266258322760674560e+01 7.280929338333221779e+01 2.283961820259756692e+01
3.341370005815849709e+01 7.147815218364694090e+01 2.215305695107863215e+01
3.131221863143383288e+01 7.079744575898756409e+01 2.300592561806312730e+01
3.216896305220458174e+01 7.183979009014264250e+01 2.514773641457338726e+01
3.152533403246092902e+01 7.207173135163652944e+01 2.629656528393580928e+01
3.275546947318923685e+01 7.284969659085558646e+01 2.162214070871212002e+01
3.214409904555055419e+01 7.279082818606812566e+01 2.580889052287994900e+01
3.450102878466074685e+01 7.052128012343776220e+01 2.549812048384136887e+01
3.400013353467116417e+01 7.157030788630001439e+01 2.573214365018617400e+01
3.332023122057206876e+01 7.227644017088405803e+01 2.130972283034705228e+01
3.316888064163433114e+01 7.224581972336989111e+01 2.530541090533807846e+01
3.238392405122483098e+01 7.046138754806651150e+01 2.434766414307302540e+01
3.233288670058898617e+01 7.030043771500155003e+01 2.253876161044675541e+01
3.408394964168471120e+01 7.002713213388888391e+01 2.209071545551779892e+01
3.404636804633734926e+01 7.246973222611481447e+01 2.403631313860251595e+01
3.508699851046517182e+01 7.090621001139807333e+01 2.511783486671733101e+01
3.458431426087201999e+01 7.220074399086554706e+01 2.242502937699359933e+01
3.320990391111380546e+01 7.016710108059298534e+01 2.177815651065844449e+01
3.471108039896259356e+01 7.109186596802420866e+01 2.391476341258496063e+01
3.471312088822711672e+01 7.092318157740990614e+01 2.458588800581762968e+01
3.492891196369008355e+01 7.061477710149036113e+01 2.567415939355822729e+01
3.458205356895575733e+01 7.071005879351591261e+01 2.432684988134284154e+01
3.500897720262175739e+01 7.115681144701764538e+01 2.263773442896051336e+01
3.376574286702053485e+01 7.219412273310435069e+01 2.395767428321453707e+01
3.585655072461263870e+01 7.012734713921832963e+01 2.498259061926109581e+01
3.604588766453874626e+01 7.243684433739180406e+01 2.240958830926824419e+01
3.416650777848750664e+01 7.120100275098560871e+01 2.185347647365036039e+01
3.404052655315862808e+01 7.096289832060057279e+01 2.168762308331059785e+01
3.631261803896312301e+01 7.086576521662671269e+01 2.316671065345325431e+01
3.601635564163194658e+01 7.155627153013243458e+01 2.135309973768797676e+01
3.440181078414545368e+01 7.282055669277806942e+01 2.338835433742166714e+01
3.624412536056896528e+01 7.224431845300138377e+01 2.368892736629156559e+01
3.426358289977196847e+01 7.163602213876737324e+01 2.085302175295115745e+01
3.702531633850339432e+01 7.001486825647201329e+01 2.205334906899798852e+01
3.673946531861624720e+01 7.218369976223073081e+01 2.309625537500808079e+01
3.560770993740338497e+01 7.287556634088205954e+01 2.210938439918945875e+01
3.476732654150289648e+01 7.095427851499870542e+01 2.517245139098202245e+01
3.575259467940191627e+01 7.135335405928042007e+01 2.273881260271867077e+01
3.556903300315914862e+01 7.269900062808058294e+01 2.056657302063610260e+01
3.700637124011161916e+01 7.024527555111039590e+01 2.407853786164437793e+01
3.639741579186741660e+01 7.089291825739157105e+01 2.318791259049489284e+01
3.518724294227566673e+01 7.253931203250461124e+01 2.482188543398686420e+01
3.714651378296132123e+01 7.077512614297974380e+01 2.032575815032281596e+01
3.636425928019809817e+01 7.220087115485610241e+01 2.443098373165290838e+01
3.550702371343778196e+01 7.160732677618506159e+01 2.277100674993928919e+01
3.825173504002946601e+01 7.069337130346605136e+01 2.443998914821109025e+01
3.552071759369454185e+01 7.237031733692717239e+01 2.143991419677282551e+01
3.756244919911323166e+01 7.167280706918558053e+01 2.072695849280495395e+01
3.822665642861397828e+01 7.030830548019818593e+01 2.361398408528543058e+01
3.647128222767050687e+01 7.234476197603282799e+01 2.463096969968609784e+01
3.758075095716741032e+01 7.045802236952339115e+01 2.141127208596394027e+01
3.724915108761459948e+01 7.266790563639291634e+01 2.031413866595759288e+01
3.613554817566875954e+01 7.003229177672216110e+01 2.155728797464582058e+01
3.747312544129211886e+01 7.182291533076640633e+01 2.042584233151234585e+01
3.896950741337506940e+01 7.048179966809424002e+01 2.299424633389677552e+01
3.687334364255718810e+01 7.019706931927383664e+01 2.379151263698149776e+01
3.865481154052685753e+01 7.276083651559649468e+01 2.039950924726318249e+01
3.693692873642613961e+01 7.229133189481827060e+01 1.970205227174637486e+01
3.744936195795467881e+01 7.044611292055250829e+01 2.005934531973577606e+01
3.693576989122739462e+01 7.126615316896291574e+01 1.989694579138147645e+01
3.950995232132190438e+01 7.255919522001975963e+01 2.036822241677167966e+01
3.718893884544257844e+01 7.109034416226506892e+01 2.090600946205001165e+01
3.937633197111932759e+01 7.129104719963223147e+01 2.130897878713599525e+01
3.877445951365485399e+01 7.259060490093578721e+01 2.295776850610771547e+01
3.914829737445067082e+01 7.196184732002400608e+01 2.141675171030393798e+01
3.738373451576006090e+01 7.271852918198652560e+01 2.265184046759514302e+01
4.019884103281390253e+01 7.285118792143227040e+01 2.324414652371205392e+01
4.042002298193723675e+01 7.206442902346046253e+01 2.269916423699077512e+01
3.895814275979187613e+01 7.066560275651710299e+01 2.073661583902800132e+01
3.837420888740418690e+01 7.015830152108158302e+01 2.320407284161031924e+01
3.862503023727345663e+01 7.188677320616916688e+01 2.131689637261041881e+01
3.847346774069382036e+01 7.046481661473166014e+01 2.148916386321505456e+01
4.023908555054655523e+01 7.054097949498670062e+01 2.190002762472366982e+01
3.987008077728836497e+01 7.081586711808631662e+01 2.055418949967929265e+01
4.010393980608143494e+01 7.119110206346620373e+01 1.971680016726282503e+01
3.928062304851764708e+01 7.290926089082091721e+01 1.955465514706694563e+01
4.023555932253569267e+01 7.195303864914984615e+01 2.194302826993968125e+01
4.148426666679324626e+01 7.039662031431581113e+01 1.983069420545238870e+01
3.974585902324329822e+01 7.154472269557267339e+01 2.018110966301540543e+01
4.048543442997340236e+01 7.050708587877902289e+01 1.840656494783594965e+01
3.956032567555203627e+01 7.290426891853499569e+01 1.858055937623938192e+01
4.094132580161421942e+01 7.132179278769574182e+01 1.974026653032894885e+01
4.055401557244052668e+01 7.257780498499376165e+01 1.921700196850688869e+01
4.131502784009052931e+01 7.101105889255732961e+01 2.111378029885344532e+01
4.197763194487898630e+01 7.102110639052526153e+01 2.082689313181680646e+01
4.051227742194415526e+01 7.289691343970281423e+01 1.967771728871488790e+01
3.961461986345619835e+01 7.253214176337678509e+01 2.286360554942355350e+01
3.993743310717819384e+01 7.146322145196870679e+01 2.068942455721978035e+01
4.048710297408298686e+01 7.024255923694252601e+01 2.018667671643103745e+01
4.006769190911610679e+01 7.107772840728507902e+01 1.934769957044571953e+01
4.267577047243839417e+01 7.176767262278278281e+01 1.972487267884537943e+01
4.286478284934685234e+01 7.154953863872891873e+01 2.136494527612480709e+01
4.231857700897542429e+01 7.006648046397266683e+01 2.127266225154533430e+01
4.040192451331903101e+01 6.974854932538875119e+01 1.892107041771112108e+01
4.275505625004429788e+01 6.993177397524149796e+01 2.279947818892224021e+01
4.007958136114872616e+01 6.971322036672837896e+01 2.094158324499489510e+01
4.063109182739061254e+01 6.892161770341313343e+01 2.375765778337446221e+01
4.249175596083109951e+01 6.805823791930416178e+01 2.257498340159562034e+01
4.170950192276840340e+01 6.732062564066708887e+01 2.625397551545527719e+01
4.058025385442595478e+01 6.735069121882409604e+01 2.636960724076501705e+01
4.146794729397551293e+01 6.624959346932878645e+01 2.764568237011951268e+01
4.151244587435176214e+01 6.378689976174774756e+01 2.976733907266427437e+01
4.054266929571630129e+01 6.460262247588164541e+01 2.989815700815206512e+01
4.162485573102129877e+01 6.265410868682074863e+01 3.059874652298365305e+01
4.016176758176366235e+01 6.170795422502420990e+01 3.153931884117018569e+01
4.178807400567249886e+01 6.211195635616151378e+01 3.190568285264994941e+01
4.099033265836693829e+01 6.266920413908789556e+01 3.643283291778669053e+01
4.284969168851556987e+01 6.181706322066372650e+01 3.389052458697091197e+01
4.015455969093671484e+01 6.058710673920282375e+01 3.677534651314248748e+01
4.015202965005159541e+01 5.932454561960683748e+01 3.857061088986857555e+01
4.236864758185468105e+01 6.020092596809075047e+01 4.219440647715233439e+01
4.281748338548445076e+01 5.863383789562759318e+01 4.274157773998091159e+01
4.109172456935210960e+01 5.828082794421073487e+01 4.237705458085653731e+01
4.292465891764768315e+01 5.658049025991877556e+01 4.413607252574834661e+01
4.095821745197513764e+01 5.659771897193228085e+01 4.937993706590334142e+01
4.160582807973614905e+01 5.525303972753494008e+01 5.220683493776650153e+01
4.191615759274434794e+01 5.500455690824003341e+01 5.458112878495648346e+01
4.236510863858791964e+01 5.239543091439401934e+01 5.469921945136983510e+01
4.058685402532772457e+01 5.281486866293723637e+01 5.591622484975940921e+01
4.239181684705216924e+01 5.177921005248783359e+01 6.134263812814878492e+01
4.254626551997186823e+01 5.181231858539742774e+01 6.444351088528084404e+01
4.219169661400350435e+01 5.047234519346915249e+01 6.548699210457665743e+01
4.125068213246924387e+01 5.051603130893170146e+01 6.992154226481662249e+01
4.135690869607872600e+01 5.038410401134920136e+01 7.327683642375808404e+01
4.220948911992342545e+01 5.000816115919257498e+01 7.287800906104361331e+01
4.033421460427946670e+01 4.864440430086394684e+01 7.446531073476435836e+01
4.248866570732328540e+01 4.632340518459588452e+01 7.824152070842282569e+01
4.169443273516121451e+01 4.762675445363183258e+01 7.974454071741880057e+01
4.132362673449395629e+01 4.571454433543496521e+01 8.467078766516259236e+01
4.002994586871713523e+01 4.659870596144880750e+01 8.396423783525398221e+01
4.175912579478669784e+01 4.361836422236458333e+01 8.859892548299094983e+01
4.283560630495696131e+01 4.430872610545056745e+01 8.969643574364326355e+01
4.010052918177075298e+01 4.186162030158875780e+01 9.041712093445264031e+01
4.259861545391756721e+01 4.371161698385162708e+01 9.031187216078279789e+01
4.150070384940367063e+01 4.244993107607486138e+01 9.217825849359223866e+01
4.086311722938756219e+01 4.013279371504818727e+01 8.895793052921239052e+01
4.048959505370295631e+01 3.967909047288188162e+01 9.152413618500609971e+01
4.083591821929097421e+01 4.115195086863347740e+01 8.902200005053678922e+01
4.220505174418040895e+01 3.896639831750390925e+01 9.024745067616302663e+01
4.291489649040270393e+01 3.822312451500571484e+01 8.715626770724779249e+01
4.201205009637651244e+01 3.638554041385290105e+01 8.616557309887085125e+01
4.215920458887326561e+01 3.798597489172617259e+01 8.483310929301597980e+01
4.254212628187828926e+01 3.732029498286313896e+01 8.088647581738732129e+01
4.071024196120728789e+01 3.506116288307832463e+01 7.758630365216990299e+01
4.008515327510771442e+01 3.401087312712164135e+01 7.678019149552709166e+01
4.060497393871040117e+01 3.411692566101383761e+01 7.223296584044268798e+01
4.145504311665198571e+01 3.323748086481680275e+01 7.200717372732151489e+01
4.243948823108350865e+01 3.255217484324568744e+01 6.606064143535870414e+01
4.161331642066117098e+01 3.126838699001638489e+01 6.381591911736649791e+01
4.201211426776529123e+01 2.988436427987302224e+01 6.094572850237076267e+01
4.117456031104642022e+01 2.974929387915972612e+01 5.920684272983286434e+01
4.296900170079212700e+01 3.111180655470990786e+01 5.817446050262565649e+01
4.126349824573662062e+01 2.999379435791713178e+01 5.725014512261537192e+01
4.125708668993715378e+01 2.787849901270609720e+01 5.360706081295489867e+01
4.022640136608482209e+01 2.670254371293807338e+01 5.067599930285457788e+01
4.115375178005542978e+01 2.594831207104709137e+01 5.005694415478212989e+01
4.164909406033594763e+01 2.743839882803618124e+01 4.723240365157608522e+01
4.070756997181577930e+01 2.625724518473064251e+01 4.482365667785118291e+01
4.227134283431117012e+01 2.623064338927905936e+01 4.262036747015548599e+01
4.063835527495061228e+01 2.453239152677882018e+01 3.973412907598704180e+01
4.181058979240365403e+01 2.291969616167632395e+01 3.626408191836954842e+01
4.166254450884412819e+01 2.328021295839864635e+01 3.558574177777920511e+01
4.141911943555273723e+01 2.256999994653914499e+01 3.467494208647122633e+01
4.225990971484704062e+01 2.102540469489960273e+01 3.637540291270817505e+01
4.024052305847297362e+01 2.096655955400807159e+01 3.470445564796062143e+01
4.158895526920210273e+01 1.999289701744606518e+01 2.916809190298457466e+01
4.105702479466695820e+01 1.804648711084165313e+01 2.810227135243407304e+01
4.093813017665875265e+01 1.937999932471496223e+01 2.861611303222066027e+01
4.077489084142276710e+01 1.752235784363929838e+01 2.913787178573472403e+01
4.199714252810037607e+01 1.750790076874382706e+01 2.873648712514847503e+01
4.238561472698982158e+01 1.657507304032882089e+01 2.576889070548720184e+01
4.081816816453083163e+01 1.526774264261190694e+01 2.347217078763447873e+01
4.026895727504950884e+01 1.395031840623406616e+01 2.235396210847894238e+01
4.100962902880270633e+01 1.398636495784570144e+01 2.117479698405203692e+01
4.167561998151361990e+01 1.472514750310419629e+01 2.001595328097520721e+01
4.111389888625236466e+01 1.381632970793589976e+01 2.027185672888864687e+01
4.078746515837048747e+01 1.147199360831966608e+01 1.877869176202679924e+01
4.282968929886437337e+01 1.279111719217151943e+01 1.820799114240095662e+01
4.291898096815583585e+01 1.093266079750310027e+01 1.960439128653603547e+01
4.016579673932253058e+01 1.081388240113584942e+01 2.059169202804455523e+01
4.137401789438771260e+01 7.958628463781730389e+00 1.877290139203751806e+01
4.280763731518201354e+01 7.072049850471991306e+00 1.607084223549941981e+01
4.254110627804419664e+01 6.457279804273302837e+00 1.519301204524747284e+01
4.219167715173067279e+01 7.661117896541238537e+00 1.561749612702020329e+01
4.111950123518981570e+01 6.890203669382058749e+00 1.395056232186096956e+01
4.276093506791499976e+01 6.187905291829173038e+00 1.800027175148460756e+01
4.254239734909259596e+01 3.879063289936390824e+00 1.325741163395083255e+01
4.216034130176448258e+01 2.999344173822747983e+00 1.251199096406606159e+01
4.065608778793351519e+01 4.594123293813169973e+00 1.377821345640728978e+01
4.226895067053354182e+01 2.986268669783869179e+00 1.490199531201954919e+01
4.076700737931270879e+01 3.236899135096910740e+00 1.406844488851881891e+01
4.049146706149532093e+01 2.520498964211622006e+00 1.392717407796642348e+01
4.282580493178852521e+01 2.159920591257781020e+00 1.578121601259496032e+01
4.079537955408113703e+01 9.469556191583795579e-01 1.193153492830411899e+01
4.276211337691646008e+01 6.025295017504328499e-02 1.101248116558048729e+01
4.077639311442623438e+01 2.673013786495038957e+00 1.493833285824860369e+01
4.057471417468733677e+01 1.097209450102807793e+00 1.478379422250818287e+01
4.171443712761048062e+01 2.333417288300302594e+00 1.404330796925046876e+01
4.161635345094066452e+01 1.776124395525507715e+00 1.428422075984149586e+01
4.258498687867010091e+01 2.396860875548289194e+00 1.406655783083525790e+01
4.140424865693428558e+01 2.219548366728998801e+00 1.490396659633391607e+01
4.366969959609130569e+01 2.586783089142695724e-01 1.464466850291701405e+01
4.233784179138065440e+01 5.131047204604353151e-01 1.171470062629832398e+01
4.254346375549800996e+01 1.520672192585126314e-01 1.496102367418178147e+01
4.229774242954821517e+01 2.259740512965819459e+00 1.164452133852862659e+01
4.375852204167662052e+01 1.502577716916461359e+00 1.522646471505015420e+01
4.240012733098384956e+01 1.489652039180311416e-02 1.353482703058266345e+01
4.270567736346855270e+01 2.525886699805331981e-01 1.092872133141563395e+01
4.355826934186291055e+01 1.068031917379911322e+00 1.170412670648270392e+01
4.392500114478084328e+01 2.184257855582433017e+00 1.547230066131667847e+01
4.222554398119470420e+01 2.897341356233387621e+00 1.350188478962540373e+01
4.378935213320319519e+01 4.098217091155780256e-01 1.191040973202942155e+01
4.335530396165015077e+01 2.264844122256317149e+00 1.161402113912283696e+01
4.237249690532031821e+01 1.171720311987346941e+00 1.213342034029433236e+01
4.274641870168058233e+01 2.684944426735127454e+00 1.283826937149514791e+01
4.419239288150211564e+01 8.391897059372069867e-01 1.074941816725100274e+01
4.289417175033140239e+01 1.534470184691600680e+00 1.351383021624307013e+01
4.286502068090657502e+01 4.938846259805577121e-01 1.410764304444125017e+01
4.552983858435155184e+01 7.251175733909551724e-01 1.369130220673546638e+01
4.311216906322391651e+01 1.314256313114037678e+00 1.295085216050750532e+01
4.484251440505462938e+01 1.722279164645442950e+00 1.204779150395531850e+01
4.346618763599547464e+01 3.838751353545654110e-01 1.502486010785721682e+01
4.488974292121926624e+01 1.676403696658105069e+00 1.333761259461625315e+01
4.596981116797919498e+01 2.183669788129928291e-01 1.116728164249071042e+01
4.375975512045170035e+01 1.100515429421042191e+00 1.358809641081515984e+01
4.432516079934741526e+01 1.409612830358183189e+00 1.428128863469321708e+01
4.642241126182320698e+01 2.491280914065131302e+00 1.078006629528196392e+01
4.558587775375603712e+01 2.856223618556120947e+00 1.416331849337703730e+01
4.394847882041054277e+01 1.463161566326844021e+00 1.390023941845101163e+01
4.645178490178049913e+01 9.396300710487528463e-01 1.267574792934003014e+01
4.498730032981484328e+01 1.023203951247479981e+00 1.210912208796599820e+01
4.626811147019448356e+01 2.196703082915083982e+00 1.446093896336921958e+01
4.557844151953330680e+01 2.470796755388800392e+00 1.444564505036033708e+01
4.540810027835948404e+01 8.047745680074896990e-01 1.148002149516658399e+01
4.674797901530853750e+01 4.344664681730150413e-01 1.198413409128743012e+01
4.656367916026365350e+01 3.117518203384952447e-01 1.231963826109388549e+01
4.637905166670846313e+01 1.925803858232013610e+00 1.283473787958287105e+01
4.700103197584248704e+01 2.133205410898821874e+00 1.477228878458220329e+01
4.527648217823959698e+01 3.471526973800870275e-01 1.024117779719020760e+01
4.743481055869631291e+01 7.640017946774627644e-01 1.019468519299467779e+01
4.699687381714964829e+01 4.550619384044914950e-01 1.036586359848153194e+01
4.621626117163357605e+01 1.709430680386291090e+00 1.039128629145876559e+01
4.595718106282969728e+01 1.673105957843655567e+00 1.244055981757515639e+01
4.541764439544019893e+01 2.781122981789406978e+00 1.165842092276263386e+01
4.750882224037704304e+01 5.321567392669095398e-01 1.436513126604625867e+01
4.646249238309647467e+01 9.468700105444400883e-01 1.216003200751669233e+01
4.809929723825644743e+01 1.473436543473813032e+00 1.179704118141934899e+01
4.671947317262318222e+01 1.240197474802969158e+00 1.386920969713729690e+01
4.669997915807604016e+01 1.983551780299804168e+00 1.417726821407648785e+01
4.822333480093725910e+01 5.748355140235779093e-01 1.157750736100559052e+01
4.603943851134019383e+01 2.127476173554530003e+00 1.072069091445699662e+01
4.629844698680399517e+01 2.944946880785866750e+00 1.409702832805923656e+01
4.896358469583628903e+01 2.554723446109197216e-01 1.026129639413342609e+01
4.706800131276514065e+01 3.895088504747568070e-01 1.310593740129085205e+01
4.790139621345153387e+01 2.428442907898634928e+00 1.345219714296305114e+01
4.744570888797025532e+01 4.920221127883724899e-01 1.237926110641868860e+01
4.725144803132460680e+01 9.621493871696994438e-01 1.381182893198933215e+01
4.885619340939367561e+01 1.730979937417669312e+00 1.094575639634567565e+01
4.734104308923139115e+01 1.054817196701049564e+00 1.383105447233015539e+01
4.884637648308369506e+01 1.932185435039143862e+00 1.217688938046671154e+01
4.924621164239520965e+01 7.898304414182084621e-01 1.194800732323254877e+01
4.961361126921050868e+01 5.267447821819616349e-01 1.243618776047871677e+01
4.960025063045488736e+01 4.983286070918447885e-01 1.263418441286084715e+01
4.869145292111242895e+01 2.767298811681767834e+00 1.411045109116733620e+01
4.916867984665505276e+01 1.287115273819678940e+00 1.113979719230837695e+01
5.030630335813836496e+01 2.732221475991462256e+00 1.302223047933833655e+01
5.035570584335462740e+01 1.838318812365818511e+00 1.412149381510886670e+01
4.795051258768596369e+01 2.253054945228516015e+00 1.394737228287264053e+01
5.061414685378410638e+01 8.295530082234922054e-01 1.259591355620725395e+01
4.852327709679283174e+01 5.536112313061957169e-01 1.436787222987532253e+01
5.078852178235619164e+01 1.861003666151098246e+00 1.315338978792895119e+01
5.094569545522208642e+01 1.458434306241807477e+00 1.167857163373765239e+01
5.037096341255295329e+01 1.253412050921270060e+00 1.174071141609544355e+01
5.075058162703986397e+01 1.912084952397957505e+00 1.293149441063217964e+01
5.097458416351413746e+01 1.029924746334693220e+00 1.126155910211864608e+01
5.075142860403025225e+01 1.544158604945973678e+00 1.260366427478380658e+01
5.031180793442143795e+01 2.022398386994769481e+00 1.132646780619186089e+01
4.979420975101162838e+01 2.495094146398530555e+00 1.043617238036432049e+01
4.967270844239202177e+01 3.897447983605731858e-01 1.352552976854036082e+01
4.894497487848359896e+01 2.460783353000039586e+00 1.180516202643761758e+01
4.937770412155535382e+01 2.857295796948303712e-01 1.167683473256823845e+01
4.938490914327881853e+01 2.682420921369007782e+00 9.704192821917471790e+00
5.160590881698770716e+01 1.927398567661924744e+00 1.275070633972623213e+01
5.183857717611812177e+01 5.440573231154643974e-01 9.903273359278948362e+00
5.168716818951251923e+01 2.845805543078894218e-03 1.101598439418130404e+01
5.212931428694442815e+01 1.051489087335121475e+00 1.347875083302670873e+01
5.116478383845720401e+01 8.238336623445856599e-01 1.205572736687241964e+01
5.106401299207423961e+01 8.991507105586268311e-01 1.369849962221791628e+01
5.138576900085814003e+01 4.101693273142448248e-02 9.387297773356754860e+00
4.981018141765866147e+01 1.473450591365906837e+00 1.067412409777206506e+01
5.163915694157302738e+01 2.555063460699478650e+00 1.061589243956181328e+01
5.198547933604142912e+01 2.118289365701050642e+00 1.043731631314688535e+01
5.241178898962483856e+01 5.575169373527741890e-01 1.091491591654204107e+01
5.216362305193949567e+01 3.557831925084671276e+00 9.554318200659057680e+00
5.197304060317546259e+01 2.554045906783063202e+00 1.431478039389178214e+01
5.006951147704577920e+01 2.143576838208760993e+00 1.467723002648708075e+01
5.169411998422768306e+01 4.758090396031846581e+00 1.492802243614688251e+01
5.183363595114219180e+01 5.839239695846156764e+00 1.340241738776284564e+01
5.103862267232376126e+01 6.217816645064747405e+00 1.306033592617597527e+01
5.046073899394491491e+01 7.784266918842380534e+00 1.093732935331924416e+01
5.096847425063690196e+01 7.827661875050828222e+00 1.460822813831903133e+01
5.018498833678903281e+01 8.686289762821029825e+00 1.419128807969731731e+01
5.101791847047135064e+01 9.325174867220827224e+00 1.178382315828900317e+01
5.000663724846915414e+01 8.599390767815282999e+00 1.255751436921374697e+01
5.039048850474969754e+01 9.087917036488681433e+00 1.529150672452978732e+01
5.047018157846975583e+01 1.047353450952799747e+01 1.680835475740721563e+01
5.084438110593625026e+01 1.270267911237883851e+01 1.510944304856223042e+01
5.239769102918217669e+01 1.129911309450686119e+01 1.826471986248037283e+01
5.238204057068354302e+01 1.254969637022478501e+01 1.543940228346698973e+01
5.250196782576647081e+01 1.386908983517494320e+01 1.647366540501870702e+01
5.286764422862930957e+01 1.560906509168271761e+01 1.709019409443694570e+01
5.091505395338652562e+01 1.635937448812381945e+01 1.596038416941463822e+01
5.219898745653820527e+01 1.654057518258598236e+01 1.869060844330990889e+01
5.248284136359124830e+01 1.759040433758507760e+01 2.056592991042686336e+01
5.150356472769448857e+01 1.795666573735047677e+01 1.645998583256804793e+01
5.013492802543261462e+01 1.851868737620954875e+01 1.775486068727208533e+01
5.080709854870590192e+01 1.980685365493979333e+01 1.770761668884248152e+01
5.211381659166572433e+01 1.986035813252559379e+01 1.992433541707915623e+01
5.121527520385767218e+01 1.841501929445705343e+01 2.225013540280215807e+01
5.131671353718958528e+01 2.142592072952272986e+01 2.356494049428604143e+01
5.095567568508713663e+01 2.228897812517275767e+01 1.974228411139464967e+01
5.174059517221926541e+01 2.251245832437093597e+01 2.226866884608316610e+01
5.069821379481654589e+01 2.292715589666563147e+01 2.458378316485626769e+01
5.211402061096006832e+01 2.200455535357187742e+01 2.510775229357073712e+01
5.128643357520518720e+01 2.274967764410867943e+01 2.430288731098897514e+01
5.138019568806891613e+01 2.566668088637547385e+01 2.497878185421501840e+01
5.222871639433821400e+01 2.655027710347753356e+01 2.543104354006941747e+01
5.267593377135433741e+01 2.579587071097859763e+01 2.782071128084997369e+01
5.087501152114612069e+01 2.742914088021935726e+01 2.583020379806071887e+01
5.182875959845108582e+01 2.898624909108570336e+01 2.805298998384663278e+01
5.205524901064691790e+01 2.691506620446563858e+01 2.535248196084581451e+01
5.200003221582866786e+01 2.838811795605054300e+01 2.729870075750763547e+01
5.157300477300079677e+01 3.076134802592124373e+01 2.808840040373045355e+01
5.103361072785937580e+01 2.991823145146237906e+01 2.982438070479210523e+01
5.070022326681947789e+01 3.175917921507094377e+01 3.055049876993102131e+01
5.071535899821873272e+01 3.082919082090200291e+01 3.037161924149845404e+01
5.209515326479476727e+01 3.163091690844586878e+01 3.086345508427618967e+01
5.286639394252523516e+01 3.264155386784175761e+01 2.982682208524997947e+01
5.289983806714572268e+01 3.509364793690488682e+01 3.046312392811798375e+01
5.016290543965171622e+01 3.463018819859713915e+01 3.057920135664548411e+01
5.156261548450981991e+01 3.595276950362190149e+01 3.366829012802683962e+01
5.188977976905041345e+01 3.497034402541234499e+01 3.245904662348839054e+01
5.173289180354103678e+01 3.697510333024977314e+01 3.137450554317519291e+01
5.206109570224197114e+01 3.707903666502831186e+01 3.130858066950499818e+01
5.050233145712216043e+01 3.769058614596774959e+01 3.433180543314316679e+01
5.071320988724297507e+01 3.763730009990341330e+01 3.385397594277735323e+01
5.173367410117177201e+01 3.879705499906783217e+01 3.203602513510463723e+01
5.013455456506854802e+01 4.040467495200991976e+01 3.411706320943676474e+01
5.005033098027541172e+01 4.145220179538621608e+01 3.675755126444752108e+01
5.148878638582428380e+01 4.091812834265330423e+01 3.212003700797400541e+01
5.278113103499202907e+01 4.387720924350944074e+01 3.549060951884346338e+01
5.024466303397778688e+01 4.372846842026551428e+01 3.494232489196010505e+01
5.242902129818624957e+01 4.527200184425959861e+01 3.444759279157258902e+01
5.118760348449983155e+01 4.423114372302160291e+01 3.396148700428196321e+01
5.215734288364621563e+01 4.532996356311883801e+01 3.592187451868496595e+01
5.282456880652581788e+01 4.604500822448850528e+01 3.173226199868060249e+01
5.066463327636177638e+01 4.671679631729176663e+01 3.496167280468836935e+01
5.209011632999619934e+01 4.848764335210803722e+01 3.124919026691805612e+01
5.127820246815638683e+01 4.782095815408610662e+01 3.047423934408646673e+01
5.083520678620772060e+01 4.907446419117167125e+01 3.343396554111787822e+01
5.094643285062849714e+01 4.903987003241671516e+01 3.135461542962688952e+01
5.098904695661205011e+01 5.094865559052125548e+01 2.959035488118052371e+01
5.055249424898609334e+01 4.966186493780160305e+01 3.228463565162195437e+01
5.041353511305425172e+01 5.100215786062152290e+01 3.026218911645989351e+01
5.205226542912916443e+01 5.313741625812436098e+01 2.820472789649218370e+01
5.094923152425921842e+01 5.456087695908885848e+01 2.761701749420199903e+01
5.260557685539605899e+01 5.335354253695556537e+01 2.943764403188084344e+01
5.238789205120041004e+01 5.411232744713753817e+01 2.793834945332208264e+01
5.158840520833926035e+01 5.472515445952557656e+01 2.665958367992874045e+01
5.034568255198592368e+01 5.566151714137896533e+01 2.571621526186470774e+01
5.095259162807769826e+01 5.736614956459576575e+01 2.659090812795606951e+01
5.208535902401270334e+01 5.690790127331065662e+01 2.356708792387881601e+01
5.246481079561095839e+01 5.686759412650888379e+01 2.409837903975565254e+01
5.164654939809527434e+01 6.017480968273457620e+01 2.472292544868027875e+01
5.061070029995908470e+01 5.877869850895063308e+01 2.178453867752320861e+01
5.275240618595056930e+01 5.927181029509218746e+01 2.550622355962111598e+01
5.211910533122904354e+01 6.025550034519462628e+01 2.217528345884958796e+01
5.195885596535599404e+01 6.297453896870358392e+01 2.018735255931691341e+01
5.196007555380583653e+01 6.278376765837867879e+01 2.037009598528962684e+01
5.245074556215022454e+01 6.152838326808969072e+01 1.941470891227815443e+01
5.047263990716915316e+01 6.483902658751571835e+01 1.911758145201601167e+01
5.007201807352868173e+01 6.418145317959053386e+01 2.122387381305696152e+01
5.033151175832330182e+01 6.471994446068947582e+01 1.736048730042616484e+01
5.178140567849542464e+01 6.602937376864620944e+01 2.004266578136664734e+01
5.259202615439951956e+01 6.644608505593731707e+01 2.070029715957667094e+01
5.058754431042989097e+01 6.821318877679594550e+01 2.032340925981109692e+01
5.001785425601905644e+01 6.683114789966191438e+01 1.719264114437977753e+01
5.066159502419319693e+01 6.724585838225283396e+01 1.641646602863614390e+01
5.298520383457577054e+01 6.968906214552855261e+01 1.541914134477844378e+01
5.194812114720471641e+01 7.026601373324571398e+01 1.807934692657056530e+01
5.176026004488175403e+01 6.993467992655375554e+01 1.692063561235893943e+01
5.294530727638896650e+01 7.200909845555774780e+01 1.713121045674709109e+01
