2.108091284223869977e+01 1.183990287205429315e+00 1.534701170930443936e+01
2.252677065426289360e+01 6.007333794627431889e-01 1.269527491427818333e+01
2.196028855883078990e+01 3.730942080210866152e+00 1.293026645528920682e+01
2.202831786480770049e+01 2.648353048201697924e+00 1.696002308251314616e+01
1.994675260534130246e+01 4.248913833130342432e+00 1.497884686238823626e+01
2.026536347151383666e+01 2.410596471702644017e+00 1.835090885284672879e+01
1.977193895671191726e+01 5.032477639778894840e+00 1.501179104190984859e+01
2.059142778862742063e+01 4.363163772188580758e+00 1.817495078371807793e+01
2.016544721851173705e+01 5.242139803735791581e+00 1.813569808784603765e+01
2.085987674553359739e+01 3.972060279592056986e+00 1.506865472035890008e+01
2.018568228251396590e+01 5.671175432739627098e+00 1.734421145377827855e+01
1.912734031544622582e+01 6.224388660257799799e+00 1.884027149483381081e+01
2.175641138971117527e+01 5.474404458764829506e+00 1.645655367387269052e+01
2.079744036728575196e+01 5.955125585448032055e+00 1.965957665811064103e+01
2.080611150560034517e+01 7.821013889211581471e+00 2.043210189474221750e+01
2.066462736707504533e+01 7.646989969379597518e+00 1.746749409771412331e+01
2.046241620179022647e+01 8.606993202015697619e+00 1.959638939828420234e+01
1.983886939113124015e+01 7.714974707359977479e+00 1.767940393096956697e+01
2.057573131921991916e+01 1.018509921292325693e+01 1.850592217029863917e+01
1.906227245335819376e+01 8.751326296217888157e+00 1.994828039706283818e+01
1.810757223828272444e+01 9.396232362342013644e+00 2.059907921596354186e+01
1.876510692921268841e+01 1.093115246493334780e+01 2.275236315854295555e+01
1.868231301692908986e+01 9.038623269810647898e+00 2.003440843439895858e+01
1.991291231353918434e+01 1.083976645299797958e+01 2.234560133023613204e+01
2.015134749965383776e+01 1.034403588990110379e+01 2.459352990769351877e+01
1.778990761682241839e+01 1.272858899478645256e+01 2.243377205699760069e+01
1.975088109660885749e+01 1.234220460322538493e+01 2.338085077505187215e+01
1.787814857794802137e+01 1.286352051421997977e+01 2.664290607720698389e+01
1.911610755892800739e+01 1.214838408348956200e+01 2.410745240646276955e+01
1.760258681365477784e+01 1.368374933909594660e+01 2.680922220558932523e+01
1.834208160587222736e+01 1.506847764433308789e+01 2.763799782245522607e+01
1.797134982660419666e+01 1.399105530425417854e+01 2.877288560762244884e+01
1.940702476015177780e+01 1.436850984215197791e+01 2.945865238460208602e+01
1.699797852379622398e+01 1.388552418233889441e+01 2.881811731770022433e+01
1.851995208264658643e+01 1.557044010506105991e+01 3.002186730944934823e+01
1.869771438760463056e+01 1.519184188398509505e+01 3.184682195598864496e+01
1.698924264905036807e+01 1.709046213156332072e+01 3.240390929168655987e+01
1.758556527631291999e+01 1.563620872951146623e+01 3.335773028429645137e+01
1.642413920158751495e+01 1.827279188549315236e+01 2.928669787691406867e+01
1.719054392932590503e+01 1.761871476888400778e+01 3.415073696794495106e+01
1.596961168072759918e+01 1.851502202228999039e+01 3.143347166741533982e+01
1.606737462386994508e+01 1.937334820562992377e+01 3.499634574787273777e+01
1.745483113000469899e+01 1.860598459713562747e+01 3.407603242471854799e+01
1.578138227565378848e+01 1.868677542398080860e+01 3.407695061184764995e+01
1.669447662371843677e+01 1.976373075841258853e+01 3.874678863517893745e+01
1.635804971321579870e+01 1.949709230547044214e+01 3.737339673130238538e+01
1.679725402831086001e+01 1.933685020019352052e+01 3.748392703011320037e+01
1.752074950777720375e+01 2.153402835538245341e+01 4.182877112480002779e+01
1.561359726030972084e+01 2.217653139641765492e+01 4.074909621506903790e+01
1.508772780241392297e+01 2.175652457445403343e+01 4.237004455644099465e+01
1.592566165925437005e+01 2.115743059498947787e+01 4.291021601702424704e+01
1.730262573472170828e+01 2.103004451292628474e+01 4.491095978442882597e+01
1.476068584687258323e+01 2.306677921124342490e+01 4.303198801473443780e+01
1.487307610148373271e+01 2.279819934022935257e+01 4.730269797733948423e+01
1.723428007174834420e+01 2.404972563296781729e+01 4.641548237149110889e+01
1.654729667336849275e+01 2.365499868982779574e+01 4.679659278613185336e+01
1.452562568598256298e+01 2.494804268190468477e+01 4.890600671401571731e+01
1.706588277425194278e+01 2.505153252568688416e+01 5.269667565378230734e+01
1.418473427571535872e+01 2.476167372211810758e+01 5.591796184879871845e+01
1.432740194821609059e+01 2.516936727563262366e+01 5.299299450131504585e+01
1.676002986044640153e+01 2.469622120386845410e+01 5.724335504075190784e+01
1.459826580334985202e+01 2.723336742710393921e+01 5.728790961306851415e+01
1.410959101000007010e+01 2.656218667061337868e+01 6.159759484425916298e+01
1.405796504284410275e+01 2.725325189815956151e+01 6.213735591983407858e+01
1.356794852994965517e+01 2.766695308549057941e+01 6.209913288061939340e+01
1.456201454476436652e+01 2.673243250265142379e+01 6.409259813870738753e+01
1.536395226267457303e+01 2.802183261016044469e+01 6.615618172680221676e+01
1.324188515655644061e+01 2.894848514544683837e+01 6.713198260676590223e+01
1.479071001750874714e+01 2.759228114813386057e+01 6.717803743227086954e+01
1.372300558974727203e+01 3.064243942234370977e+01 6.970057757839411750e+01
1.483469587525767430e+01 2.935441123206314629e+01 7.073936494545679921e+01
1.310156842311692138e+01 2.927641815605746700e+01 7.364101042426364074e+01
1.529734977542147867e+01 3.169180763489322317e+01 7.777907913664017769e+01
1.303880118235334962e+01 3.151682823507246312e+01 8.076315325260854650e+01
1.481800334584386292e+01 3.207421073757962660e+01 7.814714012761294271e+01
1.322508863152185477e+01 3.188128321576173718e+01 8.223636126713877559e+01
1.414871389403126756e+01 3.151879923365410718e+01 8.536152670948968080e+01
1.288245167122633106e+01 3.403104437930105064e+01 8.468867195456650165e+01
1.367136975892215389e+01 3.375934250519586044e+01 8.705136811914877626e+01
1.431566022355732670e+01 3.461729669423063172e+01 8.726728773631052150e+01
1.367693537018829808e+01 3.456776780385990833e+01 8.863760921870060372e+01
1.418153856034097338e+01 3.453348094284569214e+01 9.187329266238606351e+01
1.245508335283220269e+01 3.417974388312038059e+01 9.409767875004031623e+01
1.457302192253375672e+01 3.644430559795112146e+01 9.068252393822326951e+01
1.178845217016044877e+01 3.576233773930437110e+01 9.228428751092366156e+01
1.346833209357911443e+01 3.556646424833931519e+01 9.262655573717007940e+01
1.180276495116723368e+01 3.606384935137968029e+01 9.670356951361314657e+01
1.272167550694848970e+01 3.759691278729611241e+01 9.676615018820517378e+01
1.365837856632557568e+01 3.654732149834641319e+01 9.651458241213856581e+01
1.191872771056292990e+01 3.743810854524175369e+01 9.628177454801237900e+01
1.250965319988571878e+01 3.768648847219455433e+01 9.460234457982200240e+01
1.261575458396981020e+01 3.887683084084567753e+01 9.843944327930822169e+01
1.250748773483694443e+01 3.965915981848905147e+01 9.515115195476717247e+01
1.172206740372114453e+01 3.877077054181486915e+01 9.395715318122465476e+01
1.349787460712262721e+01 4.063146726969568334e+01 9.439303399331656408e+01
1.162026868905345367e+01 4.040206979665541809e+01 9.436042794272240997e+01
1.298594941187142737e+01 3.992620375862035331e+01 9.437958446562686277e+01
1.183913637746952041e+01 3.988680952296444104e+01 9.169123160474066481e+01
1.063811425654035858e+01 4.097009494145856934e+01 9.051715257808854176e+01
1.163476700946023179e+01 4.183054959773018311e+01 9.238305321164263262e+01
1.041635294659331379e+01 4.269766312435295674e+01 8.889353096700621393e+01
1.108183570631502235e+01 4.293743996718558265e+01 8.987545275837574366e+01
1.261167402157079209e+01 4.190241977379312743e+01 9.081945066077652484e+01
1.018884731363395879e+01 4.366656680033683813e+01 8.755539706971399028e+01
9.597003843257128963e+00 4.289647357099145353e+01 8.537218613358980690e+01
1.185237127666004930e+01 4.394439974291167061e+01 8.313366679711539575e+01
1.006525122449273546e+01 4.425824819600094173e+01 8.597133619130416093e+01
9.846791642163397640e+00 4.366832915605814947e+01 8.280874665980239513e+01
9.656135690300320817e+00 4.413935988906155217e+01 8.268257461388982676e+01
9.704437288214419866e+00 4.438120363324179607e+01 8.124278427995251661e+01
1.005017647929490998e+01 4.540004723378920914e+01 7.749542063084615506e+01
1.039101495758246685e+01 4.348151386498259541e+01 7.459085927909443114e+01
9.274409202452558176e+00 4.593290215075978722e+01 7.438254075842421287e+01
1.065351985858067252e+01 4.682839130503178637e+01 7.194276203333089370e+01
8.806480985075383572e+00 4.642310158894012773e+01 7.265132379186138678e+01
9.673431195775707536e+00 4.614930298005720033e+01 6.968972085945776485e+01
1.051196999046501901e+01 4.579871786919670740e+01 7.114360273768657805e+01
1.040330238557520737e+01 4.767839760609961530e+01 6.994742062995189258e+01
9.540765400947099906e+00 4.728771685581687478e+01 6.603667403326046781e+01
1.077927701237213931e+01 4.802923582766822364e+01 6.596729234178347667e+01
1.017429023744956140e+01 4.616333007422178270e+01 6.132300335927612167e+01
9.605822034976199575e+00 4.805276254073056208e+01 6.064909928032658826e+01
8.410418907880425010e+00 4.712679347757718773e+01 5.958134139724213441e+01
8.412511360566938379e+00 4.822219871759939025e+01 5.938940049303295865e+01
8.386635199058568801e+00 5.012871805838157968e+01 5.848811667706725359e+01
8.245786743419303733e+00 4.758101952219453068e+01 5.905479495135334389e+01
1.004557979540567203e+01 4.942670147544785664e+01 5.456000096267197819e+01
1.015573530551501591e+01 5.110154213279377444e+01 5.379630299736210475e+01
7.464758067722623736e+00 4.990437494915166639e+01 5.182676718077708244e+01
9.373527440786169507e+00 5.170060488037190538e+01 5.218771491701187415e+01
7.347431126459969875e+00 4.937023563028130724e+01 5.042659149543635522e+01
9.021816484741055575e+00 4.978374653611087552e+01 5.210118732339086023e+01
7.288902892894727259e+00 5.085476523579742292e+01 4.996234152591129174e+01
8.656625714068214350e+00 5.163944707417177682e+01 4.878185297609919502e+01
6.704584622745345612e+00 5.282733925663706032e+01 4.803546619722827415e+01
8.654913342613747673e+00 5.132338407490973964e+01 4.671418055564883076e+01
7.598206653080387341e+00 5.356287666312883999e+01 4.537503221717176416e+01
7.247053305267243672e+00 5.382978398913940765e+01 4.224387885872493342e+01
8.240939526454740260e+00 5.400502407442718322e+01 4.196767619235238556e+01
7.428871772310671417e+00 5.381181133946649453e+01 4.468366893764152081e+01
8.893228617538165182e+00 5.282153190728383407e+01 4.099536623987517459e+01
6.136851346771480031e+00 5.453750641913946851e+01 4.330047600587595724e+01
6.158456730013132763e+00 5.411262575109824269e+01 4.071504180966393704e+01
7.802653561741178301e+00 5.462769960841814054e+01 3.929717030251509158e+01
5.881498866663403824e+00 5.616640610140679257e+01 3.813248069704772547e+01
6.598730635688495383e+00 5.403810301366466007e+01 3.836788866781552088e+01
7.394205969097145115e+00 5.514324986487751090e+01 3.682984690777927739e+01
5.805874078469241972e+00 5.660984501350564102e+01 3.738956652676805703e+01
6.166300209152259626e+00 5.624850245220581968e+01 3.587322861318645550e+01
5.475118884854704326e+00 5.661753191201436408e+01 3.397132467715315585e+01
6.055198397346251760e+00 5.579226099534744776e+01 3.583449979775976857e+01
5.890588468680832079e+00 5.654016555273094724e+01 3.271340507067633752e+01
4.988504622583050718e+00 5.805642148495233101e+01 3.382332070958678827e+01
7.341985387274719166e+00 5.655923704423127418e+01 3.057476712091709814e+01
4.939294228907778361e+00 5.693728948279142799e+01 2.939099360912915770e+01
6.715836880322271440e+00 5.715892284935007694e+01 2.920132640024145942e+01
5.397924253463240341e+00 5.826483624455626398e+01 3.166301624811221771e+01
4.461922442765945185e+00 5.854133940403148983e+01 2.833594747014946691e+01
5.373061847429187132e+00 5.847518604269404818e+01 3.089978380841089844e+01
4.583854475538520212e+00 6.076867823314560724e+01 3.058409269968192135e+01
4.806106511498120071e+00 5.907205957047219869e+01 2.859427140807095924e+01
4.765579912854212452e+00 6.032192505854759190e+01 2.728914491593270597e+01
5.843282077824162535e+00 5.994173686848747451e+01 2.726542082674209766e+01
5.013326690648725048e+00 6.149489457279204885e+01 2.905725928136520508e+01
4.251187732544027043e+00 6.175723291865634224e+01 2.524571136358097689e+01
5.208261094858452900e+00 6.189015925847627386e+01 2.771879325103288494e+01
3.495952368994802661e+00 6.157184605636023633e+01 2.305967528328069349e+01
3.554076846826589087e+00 6.230221914796175042e+01 2.653491823826338702e+01
5.352484572054858170e+00 6.335893911952866375e+01 2.390956100421158581e+01
4.664745584862493466e+00 6.192643113480590955e+01 2.243652709362141451e+01
3.300179358031377408e+00 6.329735692507573219e+01 2.481319415780880178e+01
4.910213285301553654e+00 6.194981341657155838e+01 2.361552596768427037e+01
4.994164397229699404e+00 6.236581593430327786e+01 2.452006075623895498e+01
4.786193700848470733e+00 6.362222870443599732e+01 2.113324055473906782e+01
2.979579426758270255e+00 6.339988809044236007e+01 2.336247567412098292e+01
4.334659036636539398e+00 6.371184209774386886e+01 2.399774882136189902e+01
3.954048273816000769e+00 6.462719167905952133e+01 2.017404047493430852e+01
2.595131658238368555e+00 6.422898799529899350e+01 2.203885757724816230e+01
2.420450515325693441e+00 6.587372160874801352e+01 2.078795375483673880e+01
4.186704594035466798e+00 6.474550502837988120e+01 1.838443050782462151e+01
2.859344108004663099e+00 6.651963324647559261e+01 2.201936076640225792e+01
4.259203805434008672e+00 6.533136539877172311e+01 1.968870267727568901e+01
3.863292331205336438e+00 6.726463022401875946e+01 2.145775164450709838e+01
3.231314940903384336e+00 6.718562732182481056e+01 1.987657911102754582e+01
2.598767861454894135e+00 6.806294152176940315e+01 1.791386680275765642e+01
3.594234640934433678e+00 6.668957451744375931e+01 1.774093663685633260e+01
1.991027202178246025e+00 6.720485040464158999e+01 1.697543922404831207e+01
3.706108352464845268e+00 6.669053483988254527e+01 1.632528448523774500e+01
1.302060335123579549e+00 6.747762923279599079e+01 1.982545585258096210e+01
3.343144790398845601e+00 6.887319275104061944e+01 1.783707645142825626e+01
1.474467492229368126e+00 6.947076906726249490e+01 1.642218598503455240e+01
1.934783022932530905e+00 6.973931623811691338e+01 1.736616391900302858e+01
1.894135771729210438e+00 7.017080581896810543e+01 1.710907868498018658e+01
2.894434376132431819e+00 6.864209445781355612e+01 1.490445275323566676e+01
3.416589143529261019e+00 7.041664080246680157e+01 1.569416357434753984e+01
3.175292155920931947e+00 6.953957267345005278e+01 1.563030279904303477e+01
3.036856099361927797e+00 7.065028832766076050e+01 1.665245324540643423e+01
5.184824335110184146e-01 7.158278905814756854e+01 1.635081344736916265e+01
2.767963153832623924e+00 7.000930680622819580e+01 1.491533500860813533e+01
1.157866875069942791e+00 7.246955145811023158e+01 1.406685892271313421e+01
1.134993463125022917e+00 7.082795432506632949e+01 1.312138901634606825e+01
2.365596675872867038e+00 7.206833734832972027e+01 1.606727290793303098e+01
2.770083524608088155e+00 7.271590332290432457e+01 1.442370427073739236e+01
1.172456691837624243e+00 7.233071511262687636e+01 1.723704182987042444e+01
3.451971076882704104e+00 6.964097342843814431e+01 1.793712666249534493e+01
4.145781620568425474e+00 7.156938495858202032e+01 1.796780542141756953e+01
3.778182416082168427e+00 7.095973214998842593e+01 1.781109830791408655e+01
3.264603178835197461e+00 6.979843118938470070e+01 1.786915484893778228e+01
3.929137263527421098e+00 6.937882072243736786e+01 1.478604660859626740e+01
3.241498603705070369e+00 6.952912469843863619e+01 1.549840781104394516e+01
3.278054140292124607e+00 7.033370185833543076e+01 1.782213303450944153e+01
3.472973116552913631e+00 7.174123576930297475e+01 1.639427531015589068e+01
3.424383662345405366e+00 7.053645371411087694e+01 1.554269949050528155e+01
5.923352022394857919e+00 7.005815825478862280e+01 1.661657765491529659e+01
4.622299696691746007e+00 7.117019783364501961e+01 1.833333374059612808e+01
3.891812743156066290e+00 6.954291336319099059e+01 1.914339771736627682e+01
4.404789015365991212e+00 6.944572374827228600e+01 1.992834880500822337e+01
6.637326964537474616e+00 6.833994630273583937e+01 1.887216811339622069e+01
7.163026998412034274e+00 6.983772131834372487e+01 2.130887292711594938e+01
7.315729822845393748e+00 6.958825582258364761e+01 1.893179091327223063e+01
6.361964637585695748e+00 6.886439898774115420e+01 1.726187816400420161e+01
6.002200958587587287e+00 6.827209017120939905e+01 1.942361336415516604e+01
7.618993665048435560e+00 6.786582925091177287e+01 2.181038765219296138e+01
6.373081341758977558e+00 7.061516837372982991e+01 1.824631419257631393e+01
7.568364645565110571e+00 6.797119166229880705e+01 2.223626336182825014e+01
7.551707566555367457e+00 6.883456581438927913e+01 2.075086263772731598e+01
7.089452123114157622e+00 7.011294987755258035e+01 2.072935760685504292e+01
9.386434601628216967e+00 6.934608566047523937e+01 2.221416795837678393e+01
9.740026727222147684e+00 6.803079590612250627e+01 2.150731196469531881e+01
7.977870850477735587e+00 6.791321761281948000e+01 2.028938299212569873e+01
9.566102416332762814e+00 6.702217544991042075e+01 2.140888192627022590e+01
8.136852749597734302e+00 6.860063984485711330e+01 2.009707390391911375e+01
1.063437950675516319e+01 6.938913601893163730e+01 2.114049659836580730e+01
1.124083314777226406e+01 6.690218346913781033e+01 2.223946958469107216e+01
9.952918467048311513e+00 6.770793724591328555e+01 2.535335544276177444e+01
9.942158326820985437e+00 6.929317534883796270e+01 2.436833391021976070e+01
9.319735648463636224e+00 6.873859544370201036e+01 2.201489824358354852e+01
1.115273752048372380e+01 6.757391591203257519e+01 2.150534061702777322e+01
1.090389264534518432e+01 6.718629524620156701e+01 2.650473176959894772e+01
1.181584691125318543e+01 6.876233176245705181e+01 2.628890240286106561e+01
1.058257636180835703e+01 6.649113793823336493e+01 2.427894679826027513e+01
1.274957916852444306e+01 6.780860699320464846e+01 2.372382248974117758e+01
1.249349257974517258e+01 6.786250922989022172e+01 2.789970633846495218e+01
1.322144959174764445e+01 6.854246199854560473e+01 2.658642013118004144e+01
1.332398367350786650e+01 6.728527733294544078e+01 2.580550376722768391e+01
1.188585133979490394e+01 6.724750738962634955e+01 2.485028116366705575e+01
1.314125450823469521e+01 6.681669559949737902e+01 2.747757038697505294e+01
1.239902445328655745e+01 6.799517581525202559e+01 2.723319314827642046e+01
1.441399599147066013e+01 6.672695390521049319e+01 2.840124616302935223e+01
1.285657973723339431e+01 6.618386606408422779e+01 2.673980456844668652e+01
1.410816503502049990e+01 6.648933599307775921e+01 3.022811286996353886e+01
1.502395521859053318e+01 6.710440754170727473e+01 2.788634954144747624e+01
1.572821069742736455e+01 6.504013530572972002e+01 3.052547259493301368e+01
1.489578297305737564e+01 6.743093558880946148e+01 3.046170944069171682e+01
1.640075760265915505e+01 6.555795231113187072e+01 2.778914373923385028e+01
1.500449812131474303e+01 6.646608038148850994e+01 3.037076885257124914e+01
1.503372090114216775e+01 6.563238393362573220e+01 3.008310304218322884e+01
1.678715168832256310e+01 6.552091036782327649e+01 3.106614903523139404e+01
1.709693367279620091e+01 6.642250553734047003e+01 3.214430982518574353e+01
1.678065835404128592e+01 6.596137161399205695e+01 3.346521051018304860e+01
1.777348613164244995e+01 6.573195778951516388e+01 3.205137700138180179e+01
1.694268312284444633e+01 6.612999077434858464e+01 3.519794868483426598e+01
1.846039013369200887e+01 6.653484268035393256e+01 3.389481435931622144e+01
1.640337286286820984e+01 6.385845304474736395e+01 3.392740245992723658e+01
1.903573809676067441e+01 6.593789520530621928e+01 3.246682010905865923e+01
1.880791444600431106e+01 6.445742130758883093e+01 3.642253226886532502e+01
1.799884041988116223e+01 6.359500588375891539e+01 3.571141321035729987e+01
1.698687059757795481e+01 6.532655158288079633e+01 3.771744492961706641e+01
1.879200592786605029e+01 6.600905372886970213e+01 3.630762253360632741e+01
1.769702871814130418e+01 6.602770212338536737e+01 3.878084306301702355e+01
1.801279477332086998e+01 6.585396681178704625e+01 3.939492362230699030e+01
1.895299460030046745e+01 6.469935081955598832e+01 3.944400367962666110e+01
1.846682943958118983e+01 6.510919228396687686e+01 3.895833221640086919e+01
1.948903159291462472e+01 6.522542859579033347e+01 4.055525852158964994e+01
2.154748933733209526e+01 6.326572957264344410e+01 3.886251599352164732e+01
2.110204421227113514e+01 6.383938930639327936e+01 3.868304018248101528e+01
2.067188536770975205e+01 6.341250610110970598e+01 3.792910918446105484e+01
2.190180899447755891e+01 6.251982536056814865e+01 4.245709599059995298e+01
2.073082261022236139e+01 6.256591074939976238e+01 4.219999143943422837e+01
2.042409173100210396e+01 6.363516121959829519e+01 3.968881500454263289e+01
2.240777694072534842e+01 6.428376111699262196e+01 3.998316975327666967e+01
2.254902320320116615e+01 6.369740086883323471e+01 4.032032780590751031e+01
2.108759595205867754e+01 6.370080550804755148e+01 4.195000619845139056e+01
2.126966618601663939e+01 6.440220782028931978e+01 4.418825326472582304e+01
2.221979278032119609e+01 6.417537111460306676e+01 4.284137181486314461e+01
2.434847473664062178e+01 6.268074733860471071e+01 4.517603884219418120e+01
2.452802599538347650e+01 6.403640008627290570e+01 4.564793706158967979e+01
2.277268475584797613e+01 6.151931306882002559e+01 4.771045612153402260e+01
2.227223114350061550e+01 6.147313817719541618e+01 4.798500287329761704e+01
2.429223807703381866e+01 6.229513129050534559e+01 4.794870110355565629e+01
2.280456977052905998e+01 6.370422263145965758e+01 4.807086141700694526e+01
2.584336960310771047e+01 6.089245183427120622e+01 4.625322250484006759e+01
2.523157828430657190e+01 6.139840959923303387e+01 4.813223979735550984e+01
2.371139211674712399e+01 6.275262788343896148e+01 5.100442882184374582e+01
2.554910662427102608e+01 6.225560666067631388e+01 4.955096037045466772e+01
2.463279983526700079e+01 6.277107134991750570e+01 4.986883535804295775e+01
2.428383477018596892e+01 6.202417015603939632e+01 5.267353417939646931e+01
2.735512807936274626e+01 6.175442226389001377e+01 5.252885722842563609e+01
2.540038992493303383e+01 6.047015129368507758e+01 5.259017423807758718e+01
2.636141941959162693e+01 6.091770395697362517e+01 5.274275436901029224e+01
2.744337784273899672e+01 6.124815163735216572e+01 5.322243209907254879e+01
2.573906601563947305e+01 6.041692083156701898e+01 5.270648778926333478e+01
2.759497327976890801e+01 6.077396777239187031e+01 5.423331922493082402e+01
2.813387217112209626e+01 5.990391981700672375e+01 5.663208477222445936e+01
2.748075821310406397e+01 5.896283016179028635e+01 5.839800749847360350e+01
2.659955942977317989e+01 5.886189322280716851e+01 6.240936185380532208e+01
2.653717258733907869e+01 5.961345345268278351e+01 6.494726960129791848e+01
2.721565511907512303e+01 5.923185936824334163e+01 6.424205681759232789e+01
2.815915082929234359e+01 6.050818459015821560e+01 6.574977636093790068e+01
2.750873548309510497e+01 5.807280376306549385e+01 7.063280543121464916e+01
2.758613962471754633e+01 5.972489260825865642e+01 7.262918309052763277e+01
3.017693402969133487e+01 5.898174527321882010e+01 7.353408322056166924e+01
2.878199475752224146e+01 5.795496118475961822e+01 7.543485767692673960e+01
2.846387937008211821e+01 5.786379635890924078e+01 7.845846690035659776e+01
2.868731036740713236e+01 5.822105575532413013e+01 7.770258125904358337e+01
3.164997591681082767e+01 5.843108611459744139e+01 7.924086339216559338e+01
2.923237433165512300e+01 5.515830940208875433e+01 8.210401278621003485e+01
2.975053488177290717e+01 5.576537708004831018e+01 8.448712083207959722e+01
3.124555335072303208e+01 5.499709426593236117e+01 8.791538953448051075e+01
3.257244130191190834e+01 5.523830182467019512e+01 9.173157145596388773e+01
3.242350346756303736e+01 5.592236666507356091e+01 9.341773958159775759e+01
3.207309113504086184e+01 5.390104436986201364e+01 9.431066279741293101e+01
3.059512115986239422e+01 5.453990999441873555e+01 9.827904455494250158e+01
3.202864480161196781e+01 5.592550148724053116e+01 1.005533262976001794e+02
3.254860368967844408e+01 5.382096127681644759e+01 1.023754641857268410e+02
3.275562247553472162e+01 5.338979585486235635e+01 1.056503566591526209e+02
3.330419101952154648e+01 5.414701625540692476e+01 1.079324874317667593e+02
3.470870232660875132e+01 5.324555454196656967e+01 1.108092777653608181e+02
3.430453566235910046e+01 5.427756070965771329e+01 1.142498334049071076e+02
3.491334048262849166e+01 5.196238589542598163e+01 1.126295733033947641e+02
3.531595744514812196e+01 5.260377671999016513e+01 1.144268611826484658e+02
3.404447618494700833e+01 5.263502938219662752e+01 1.199650241290790831e+02
3.335464879647133785e+01 5.091833599973561775e+01 1.202637566978278301e+02
3.626650295901378485e+01 5.282268243093115956e+01 1.230188866479593628e+02
3.572239803569069494e+01 5.179147575744833176e+01 1.234310266245721550e+02
3.576439113730396002e+01 4.981284157970166859e+01 1.249507991561886939e+02
3.603707070954136782e+01 5.027604224243154363e+01 1.219835890328781431e+02
3.718283999969040110e+01 4.922499644875400548e+01 1.239879311684107392e+02
3.580588338545391025e+01 5.004496224025320572e+01 1.245086257284628317e+02
3.676313884601572113e+01 4.901748819039116967e+01 1.263726006523903322e+02
3.698700361234169520e+01 4.936282143575629533e+01 1.262597089123717069e+02
3.541820866139309487e+01 4.958046591926343183e+01 1.247518449755233547e+02
3.852779743773229626e+01 4.804428178298773133e+01 1.213780338924032520e+02
3.647504171870630074e+01 4.921516334001195503e+01 1.237255293588965657e+02
3.843974536888469373e+01 4.948492267075158679e+01 1.240155775152638995e+02
3.877431533865646429e+01 4.896407403280684179e+01 1.201276747118207169e+02
3.901753571698334611e+01 4.692897359075207930e+01 1.209129933521525544e+02
3.728062095731507952e+01 4.789865641580590960e+01 1.163489668723210428e+02
3.983306418236709590e+01 4.621396021770990359e+01 1.142026789576195398e+02
3.945956962120803979e+01 4.558563841673654338e+01 1.158874286859234530e+02
3.929051099148063031e+01 4.750959138491595013e+01 1.132000165700729042e+02
3.903694389413993093e+01 4.467947192354205299e+01 1.082599100572301154e+02
3.859300706408279069e+01 4.687356172006482780e+01 1.087569376244954640e+02
4.094941942202731155e+01 4.467068962388216136e+01 1.039470808473133445e+02
4.120581572807314785e+01 4.475526689741557362e+01 1.033903871439079154e+02
4.187950086593574639e+01 4.542930349893808284e+01 1.001512561743764707e+02
4.011087614329262863e+01 4.380210989942303712e+01 9.813415681850580086e+01
4.200790487088417535e+01 4.401751121693168045e+01 9.525703799666003135e+01
4.099087890903155795e+01 4.524937888247114159e+01 9.462601691792026770e+01
4.197258134257323547e+01 4.419234677223131769e+01 9.024547413158192910e+01
4.053165139054054578e+01 4.437105633769760260e+01 8.671114127327874144e+01
4.113149323824147530e+01 4.303054060801728298e+01 8.841264549837626419e+01
4.213587746220208174e+01 4.390776231050244860e+01 8.483177695915519223e+01
4.284011384725106808e+01 4.390012524619720580e+01 8.265176945497410088e+01
4.270957976697456360e+01 4.304056920476028125e+01 7.938257967205272791e+01
4.406713601592999652e+01 4.046554788908008504e+01 7.608231156128084649e+01
4.213041046698153735e+01 4.100188220915426740e+01 7.528605090813884715e+01
4.389072745514040008e+01 4.098698392244900646e+01 7.349569710921915089e+01
4.444208965372270370e+01 4.114507140164192833e+01 7.069354951596785952e+01
4.371998833851560562e+01 4.135223223353788313e+01 6.616397863790290046e+01
4.542805422968863382e+01 4.141465143941154281e+01 6.461749926802750110e+01
4.334376001130172540e+01 3.940272654141647024e+01 6.503170652637675175e+01
4.461183987821581098e+01 3.836621629054791782e+01 6.132424456843835969e+01
4.450199640032600712e+01 3.906072389812432277e+01 5.814315780444733406e+01
4.665781237942015736e+01 3.936793377846143471e+01 5.751371244452112563e+01
4.628845060623426377e+01 3.984132479881007782e+01 5.888279965322991671e+01
4.490630637165477879e+01 3.835888892533630212e+01 5.307433603272193068e+01
4.523372392553884680e+01 3.725334303935181879e+01 5.479153765451214753e+01
4.656719588816503119e+01 3.694753215266629098e+01 5.376206361282907409e+01
4.547523629618159191e+01 3.844961328162493430e+01 5.292380118897547447e+01
4.520703402215385580e+01 3.847305848785929783e+01 5.067008375908339701e+01
4.827250765197592841e+01 3.808598683786533456e+01 4.964211617640128793e+01
4.703765599093961924e+01 3.814536827150332243e+01 4.589664096143455652e+01
4.882987724839894383e+01 3.598876428321096910e+01 4.582829692219778650e+01
4.750973799005529941e+01 3.738691716630085438e+01 4.433389270768324053e+01
4.682695703326652392e+01 3.679841000438082688e+01 4.286315201383328599e+01
4.967807828116341540e+01 3.595767868500546172e+01 4.391853266772923803e+01
4.769523622554432762e+01 3.502493916067454904e+01 4.145093809417176089e+01
4.738568935459313991e+01 3.513379783437365944e+01 4.215337079928350050e+01
4.968304366698540520e+01 3.587703942128612056e+01 3.991639523004574386e+01
4.830121496175797091e+01 3.374153359212412084e+01 3.587801376659737684e+01
4.962577091731606060e+01 3.341828124071334827e+01 3.437923588728199320e+01
5.026544142161282025e+01 3.392003765284388095e+01 3.509380264026536622e+01
4.900848852474401696e+01 3.233518773197361895e+01 3.246428441829731781e+01
4.989044172473555250e+01 3.391008131114603685e+01 3.554390733124913027e+01
5.167606606119964852e+01 3.285253436725874820e+01 3.507785873847174685e+01
5.073211861345356510e+01 3.309517802991170754e+01 3.277655874196139507e+01
4.989028213787548083e+01 3.107864214864973462e+01 3.033702708454896069e+01
5.062433445128618104e+01 3.267030681008738213e+01 3.075317149205367073e+01
5.161614601138394676e+01 3.032852394341199442e+01 3.202308579857608350e+01
5.167481600175074163e+01 3.223287074350650272e+01 2.993759366745411299e+01
5.195181713195250950e+01 3.182350315406526775e+01 3.155088557666661231e+01
5.073884687656830295e+01 3.138271575153258297e+01 3.200966921345820992e+01
5.071210281570519385e+01 3.032941652032236846e+01 3.255140444131559718e+01
4.919840982231555415e+01 2.986830720401048822e+01 2.892042038595685227e+01
5.057534129284200475e+01 3.046075729105880114e+01 2.945927814093977304e+01
5.025460263626501956e+01 3.012175689221018615e+01 2.997695170575892476e+01
5.002133781189234440e+01 2.961569698355667413e+01 3.004270741060409478e+01
4.788807521019978708e+01 2.957969791178562957e+01 3.261600132130786278e+01
4.863337620363670766e+01 3.019657755320683989e+01 3.110940744640334543e+01
4.838704643214840218e+01 2.747016723321981502e+01 3.320133310757376677e+01
4.895243977755487208e+01 2.721352306903274609e+01 3.311158622384969874e+01
4.822685001460934728e+01 2.852422044070022622e+01 3.202422803829053066e+01
4.645867225604158079e+01 2.808894330042029708e+01 3.407511660567158884e+01
4.851631607244621591e+01 2.669845364671096277e+01 3.492913230071324904e+01
4.773223963756439758e+01 2.589908462062444627e+01 3.294690970061087398e+01
4.551859079166409572e+01 2.543694915611188989e+01 3.270421500235415380e+01
4.721780073466635486e+01 2.537107459826927780e+01 3.595046493286998412e+01
4.616692071821802301e+01 2.754482264077769216e+01 3.236982635869983227e+01
4.465306215780957899e+01 2.635229441074539380e+01 3.487045654995072397e+01
4.663436713726380134e+01 2.407871686690820212e+01 3.516765619136069887e+01
4.600467686227906938e+01 2.456801462313483597e+01 3.334831333548297039e+01
4.400811367982054634e+01 2.591602220131533230e+01 3.438109031785714365e+01
4.501844615680995076e+01 2.393043231378448965e+01 3.401142634971076006e+01
4.390369335614170154e+01 2.349293536595236631e+01 3.646908432525282251e+01
4.536205140522206847e+01 2.536830098270370826e+01 3.363805807467130649e+01
4.438363508223744702e+01 2.231650228066417796e+01 3.596653863780374394e+01
4.439370386681677161e+01 2.465108696990913728e+01 3.692744911889637649e+01
4.278598609468838987e+01 2.182111290553454097e+01 3.458995516913194024e+01
4.406928342739467297e+01 2.224880772599716749e+01 3.529092202626191010e+01
4.291177174221717650e+01 2.367194650886705531e+01 3.350191620537431447e+01
4.152596133754765617e+01 2.103908263840546766e+01 3.550524563877054618e+01
4.047821080724236964e+01 2.173423776882365388e+01 3.312740074494592335e+01
4.129104611126147262e+01 2.248288495536015574e+01 3.371480638195953361e+01
4.095060027726736251e+01 2.250495633465102685e+01 3.577259101698786736e+01
4.197078201976091805e+01 1.989431359957980661e+01 3.620762008126528997e+01
4.055894037178840250e+01 2.113091856886626374e+01 3.373549090401227346e+01
3.920861627601382082e+01 2.066244442858921815e+01 3.169252458273707873e+01
3.899245124022709064e+01 2.012831355543944056e+01 3.378631018844100709e+01
4.078577642481724297e+01 2.071615648087549744e+01 3.178018136473335886e+01
4.075471562032987549e+01 2.050459426114943895e+01 3.143055722567896026e+01
3.903228396586359139e+01 1.876489641210419634e+01 3.025999319373579155e+01
3.735092102111784840e+01 1.839356574484504492e+01 3.161993065890388266e+01
3.844012137552269337e+01 1.950421373169307060e+01 3.179647468235060614e+01
3.874337178748216104e+01 1.938885766731090143e+01 3.070944087369334596e+01
3.812721888770921197e+01 1.711526499297507087e+01 2.959575497843501424e+01
3.816562118742884735e+01 1.713190270917576186e+01 3.013239147004294693e+01
3.710388664339401998e+01 1.687919809430255569e+01 3.129759395570621194e+01
3.660054606680753153e+01 1.547269065522967324e+01 3.028110184516516767e+01
3.583401818936663119e+01 1.665419926259468042e+01 3.066514117989873256e+01
3.603074900833791361e+01 1.644502904188284020e+01 2.845838320520216413e+01
3.499037779053735875e+01 1.539580813192982056e+01 3.022397353588049285e+01
3.636283239849885263e+01 1.526540144509106156e+01 2.862050535942360696e+01
3.503866175505802261e+01 1.433693631214846143e+01 3.027967221165951628e+01
3.573382091003021088e+01 1.460038821271951903e+01 2.965448067064934889e+01
3.458693702338770493e+01 1.351741320570981486e+01 3.016181827748801680e+01
3.388150565969288408e+01 1.436216154789864952e+01 2.548540934337402319e+01
3.329713925438647948e+01 1.571579820479495559e+01 2.683177489996356613e+01
3.505357915675486424e+01 1.304874035388275644e+01 2.698265115452699092e+01
3.273276101022025841e+01 1.281404184563614379e+01 2.495075136028483342e+01
3.237231495555772653e+01 1.445844522177940128e+01 2.755796640978390144e+01
3.183850676189129913e+01 1.180316160040896811e+01 2.529433831757225093e+01
3.189552397512233028e+01 1.143442842459661080e+01 2.584977976261078680e+01
3.129247054057103483e+01 1.364800756010188820e+01 2.604589528168825652e+01
3.307589565083266336e+01 1.356752257173775789e+01 2.583341494757122447e+01
3.200623702068355669e+01 1.056485127031537097e+01 2.692183991125649811e+01
3.277143784147082783e+01 1.102402880965821019e+01 2.545192591829827222e+01
3.070189930019614977e+01 1.102514767922586536e+01 2.288913222049254870e+01
2.962188774073899467e+01 1.183251681626005514e+01 2.158628925016816780e+01
3.084226333899175643e+01 1.198654516388050517e+01 2.380298062967005990e+01
3.109610244348799313e+01 1.126924837538950186e+01 2.133953814827973261e+01
2.917973310305969292e+01 1.072633431279601446e+01 2.244264294243944846e+01
3.011439859200833169e+01 1.068215003244300654e+01 2.259721239153232375e+01
2.977112692899635960e+01 9.930886655111281769e+00 2.004558898107426401e+01
3.017517490982791983e+01 7.691721456106004773e+00 2.306261008196021578e+01
2.823532144997403392e+01 9.277661557247931512e+00 2.068920100343378365e+01
2.842572580426382345e+01 7.365328801605883768e+00 2.002737405467832588e+01
2.910349529060137286e+01 8.476363861416890799e+00 2.101332906608742945e+01
2.895094742483099282e+01 7.020303799966725933e+00 1.968220867624409109e+01
2.797818701302497146e+01 6.952352959873353555e+00 2.162267746364426557e+01
2.645397328475699084e+01 7.777250765453572079e+00 1.875185864956198500e+01
2.648173407685939651e+01 7.054133846001845676e+00 1.840437916479415392e+01
2.719904649130889140e+01 7.083511310108974612e+00 1.695620107283278344e+01
2.769742197135704131e+01 7.111388087848671269e+00 1.993496172262607047e+01
2.690941721652152196e+01 4.552591071719526816e+00 2.049803873393629772e+01
2.445499352391980707e+01 4.523871205416001295e+00 2.029563878340549365e+01
2.559698116234342891e+01 4.024900105967160080e+00 1.559548193953508743e+01
2.417835917064529383e+01 6.585291223076147560e+00 1.935594196687715041e+01
2.464975789539604278e+01 4.759760310180931597e+00 1.741199801403539382e+01
2.374436728424613818e+01 3.847785719455995235e+00 1.693225271787805042e+01
2.499347189554167770e+01 4.813720943595985347e+00 1.507550242106418992e+01
2.291161783374786864e+01 4.395354174375319722e+00 1.896882818454864861e+01
2.400840996434341434e+01 4.589285069198323797e+00 1.656891471415033124e+01
2.287608914326450815e+01 3.993622773714145868e+00 1.745223905082352189e+01
2.344653531061088358e+01 3.050457601431273424e+00 1.580910910947923398e+01
2.386975253341074676e+01 1.316429202502072515e+00 1.765294556654617608e+01
2.386576459206231959e+01 2.840866862016677707e+00 1.444973761052264116e+01
2.084610344881524213e+01 2.687415127505456969e+00 1.406775075642512185e+01
2.040183534228967588e+01 2.458246762947674746e+00 1.416644238076436935e+01
2.234872919164249083e+01 4.278730596397998243e-01 1.250775640532244637e+01
